260.862
203.364
243.084
203.138
213.221
265.765
259.237
340.852
200.494
290.016
366.877
209.363
260.82
796.667
266.338
210.827
255.961
284.058
472.648
238.849
589.144
380.758
214.096
241.346
1444.53
259.682
435.822
281.215
357.385
228.09
210.808
212.854
237.491
205.704
224.225
236.844
203.934
284.607
315.049
357.532
380.408
292.884
205.786
243.791
223.511
2246.06
274.66
443.774
200.592
705.701
238.42
490.461
204.639
225.668
382.335
248.089
282.011
209.354
255.319
235.149
329.609
254.88
319.833
368.444
255.699
251.746
218.735
324.56
213.209
220.166
312.296
243.9
299.715
243.175
202.877
293.399
499.043
208.411
212.838
251.553
223.882
212.108
217.578
217.138
358.396
240.695
316.771
237.613
208.837
317.427
211.969
373.462
312.42
204.394
236.411
209.428
233.112
241.22
228.664
297.49
233.225
423.001
208.209
378.493
280.982
238.126
261.473
255.586
222.041
217.835
240.724
200.192
200.552
207.81
631.36
276.787
205.694
201.395
299.972
231.903
276.317
299.204
217.244
226.142
278.55
366.654
206.465
281.84
242.225
209.943
210.114
227.374
275.342
839.728
248.95
470.989
227.958
226.349
254.998
382.177
206.514
284.726
209.597
773.84
200.786
209.222
387.386
208.988
311.929
230.367
222.25
326.749
203.396
254.094
200.634
218.188
229.157
213.862
234.889
208.435
259.336
249.028
210.675
321.89
467.993
256.107
243.977
347.802
334.955
246.12
213.633
264.401
222.326
303.059
232.626
217.538
205.283
225.258
287.143
297.622
212.422
404.97
436.841
211.965
422.998
235.828
453.029
215.095
209.616
317.91
227.873
306.385
204.022
303.686
370.67
203.231
449.554
206.109
202.571
289.924
217.486
255.519
348.037
356.126
258.612
402.942
204.534
541.884
270.91
393.205
364.904
243.243
277.534
306.531
275.882
217.497
349.017
260.728
200.442
426.516
298.679
273.07
388.658
430.55
283.196
727.374
328.708
237
319.991
388.826
206.177
543.707
291.484
237.943
395.922
383.956
297.53
295.809
206.932
251.992
222.76
254.888
935.493
224.833
249.63
336.676
208.468
310.385
205.553
575.146
203.536
205.263
237.809
265.273
220.613
318.416
224.504
206.543
201.633
244.233
316.806
300.028
200.741
279.056
207.159
202.887
209.509
925.236
365.325
280.664
211.166
226.13
222.268
351.037
216.749
206.594
238.864
217.286
208.701
201.874
286.559
244.391
277.372
276.566
224.991
252.282
273.141
271.52
258.936
374.382
245.536
247.574
599.922
958.442
331.382
204.946
206.131
211.41
283.836
221.867
229.819
359.961
220.952
577.634
256.564
327.352
202.68
214.704
212.537
224.129
350.196
246.735
294.545
241.948
228.138
438.142
210.314
203.823
330.221
265.62
271.943
410.286
256.427
238.411
206.804
292.884
236.609
355.332
247.099
315.552
221.702
351.758
263.555
265.253
230.751
231.063
224.658
407.097
309.032
280.63
216.43
248.276
260.459
230.382
697.1
279.696
310.472
374.812
431.269
218.545
210.3
284.493
286.131
287.52
217.276
210.639
207.384
223.143
221.779
241.046
224.23
350.021
290.215
219.196
228.565
259.205
256.287
224.773
236.989
287.348
369.938
309.393
459.303
421.391
241.737
344.526
218.543
240.61
287.845
225.759
251.859
330.55
244.215
255.625
238.678
230.106
819.473
229.319
294.617
207.673
223.334
206.138
243.311
354.994
202.554
715.078
207.099
339.869
269.067
276.438
205.801
302.036
223.3
224.156
335.377
871.468
268.933
230.597
254.199
205.334
442.518
272.072
358.442
234.361
240.732
260.985
261.853
379.307
243.629
251.938
220.463
630.77
209.523
331.964
316.348
248.433
203.352
327.613
219.757
265.125
211.976
230.493
214.576
423.62
201.393
219.786
208.773
219.29
202.193
260.16
736.686
282.057
248.351
365.312
225.036
232.235
623.207
201.43
275.342
215.606
228.175
245.727
452.148
203.487
379.775
262.578
250.334
490.512
232.899
225.706
244.704
241.278
239.844
202.351
546.896
307.309
275.525
312.179
508.596
237.861
223.611
551.639
224.181
234.435
390.352
238.447
204.526
1187.57
205.134
225.838
281.012
235.281
205.48
215.007
442.382
236.036
268.304
291.772
226.387
285.403
297.313
226.04
264.259
254.876
679.08
207.803
241.071
201.844
209.134
289.714
261.824
246.775
343.657
215.439
217.463
206.204
202.909
268.706
366.738
257.874
201.576
251.324
331.282
278.262
298.997
367.468
371.168
309.553
212.951
258.298
303.537
223.971
200.826
222.969
275.63
292.677
578.086
231.761
228.478
310.627
207.834
377.881
219.768
202.297
216.802
249.938
229.186
204.949
668.796
238.617
253.326
321.859
309.104
205.215
245.532
288.187
248.477
244.412
241.89
268.03
299.241
223.484
229.922
237.964
230.684
673.033
228.405
239.37
291.897
234.438
381.704
246.974
205.541
299.232
236.119
236.239
249
211.047
216.412
210.673
224.027
269.692
279.48
219.03
203.89
327.101
210.599
229.621
213.223
280.441
249.814
247.639
281.478
382.773
218.687
298.238
247.275
323.893
353.452
238.998
203.167
202.938
323.781
282.312
288.595
261.968
227.462
234.759
211.766
231.177
203.096
545.078
601.473
267.412
213.195
213.712
206.15
279.022
224.321
232.409
241.201
461.869
218.275
204.389
218.737
285.48
315.133
229.46
200.895
201.559
483.756
210.808
216.786
207.666
203.45
229.179
273.068
224.88
216.021
216.204
230.595
207.251
208.83
216.894
228.755
265.439
283.854
325.115
293.377
265.321
249.866
242.339
256.782
221.382
318.49
203.519
300.628
238.065
268.468
323.309
277.863
204.99
413.292
288.434
221.271
274.088
287.214
220.118
200.975
228.563
224.016
207.483
201.216
231.966
712.965
207.731
272.555
228.011
224.087
287.172
222.041
1063.88
370.161
213.82
339.181
264.751
357.613
371.7
237.314
1451.29
468.253
216.804
359.989
344.527
200.469
213.04
326.743
289.323
571.874
201.256
236.821
203.821
257.996
200.644
212.306
474.952
204.529
237.491
299.256
291.561
203.941
283.36
222.162
231.011
677.103
200.833
229.009
221.28
217.159
224.459
261.582
207.909
313.37
276.78
241.002
299.441
201.762
326.642
296.516
310.622
212.365
274.873
201.293
244.074
281.539
249.481
226.969
337.053
316.449
258.905
208.543
270.873
231.004
330.067
221.115
279.9
453.108
299.585
276.606
231.017
224.669
209.029
274.459
215.553
265.646
254.043
211.729
361.725
260.966
219.622
215.995
211.279
256.184
244.937
235.153
347.166
204.651
310.717
224.152
450.911
237.259
254.069
205.037
217.463
339.341
230.985
234.668
361.256
204.888
208.746
238.388
249.634
242.332
201.127
202.265
321.062
562.676
317.564
500.179
479.172
252.393
203.738
384.441
213.312
257.257
203.504
264.838
262.507
212.358
200.816
232.639
210.742
204.152
239.203
258.496
329.178
309.304
323.667
211.473
225.078
236.614
560.634
260.803
251.324
215.453
308.261
234.111
328.728
242.18
202.724
278.449
241.557
212.619
354.188
225.468
448.033
248.656
208.801
284.902
265.281
214.916
280.737
218.05
235.612
203.681
225.331
218.95
214.098
349.113
309.868
215.149
200.726
243.6
214.555
291.227
307.739
261.637
333.267
251.77
231.279
239.445
997.643
250.805
200.018
411.082
409.093
201.504
236.869
302.356
340.351
213.092
245.349
269.854
201.142
212.118
218.746
201.611
254.859
228.659
503.526
247.15
611.137
216.296
769.389
223.803
241.377
249.09
295.745
264.972
373.834
261.843
209.335
303.196
374.981
355.795
314.453
228.421
238.552
212.179
343.066
375.544
341.785
240.025
302.916
227.912
270.413
240.792
209.597
235.879
270.07
208.451
203.745
275.712
533.427
201.08
201.68
253.907
283.141
291.518
491.557
203.202
205.482
228.856
217.775
353.758
225.357
266.548
345.178
226.197
210.575
286.15
308.827
201.318
581.205
241.479
300.656
292.407
210.238
238.583
244.888
364.512
425.079
252.446
246.731
200.09
249.652
283.219
436.305
318.522
225.278
214.725
220.386
261.87
212.276
293.588
316.501
232.813
207.43
212.257
234.555
609.633
233.002
253.521
298.941
204.098
276.991
675.399
333.495
218.97
238.273
221.752
294.964
235.478
213.195
299.636
254.344
256.893
201.224
241.779
289.055
219.374
213.635
254.169
338.886
280.847
203.153
259.95
203.217
468.873
214.023
702.288
254.305
220.506
204.79
523.417
259.28
244.055
749.969
224.205
216.816
236.459
224.417
355.911
221.944
289.809
213.328
248.978
223.28
208.014
351.611
202.628
223.812
355.227
281.721
216.049
274.913
212.73
306.1
217.69
256.887
296.88
343.855
215.479
221.269
201.876
219.893
202.139
275.487
969.731
275.908
252.315
265.27
237.626
205.436
420.638
205.735
254.352
344.449
226.002
276.304
201.499
503.87
254.941
250.418
416.432
247.063
200.027
318.865
771.005
237.401
204.34
224.303
337.249
212.878
316.855
229.367
222.803
222.601
262.494
239.499
210.931
210.867
504.624
241.655
253.797
261.534
210.537
287.625
269.067
227.842
389.803
222.713
211.476
321.308
418.024
221.226
838.837
256.443
318.075
282.204
239.679
262.515
208.317
436.512
352.933
242.283
324.629
255.049
221.567
317.737
249.966
261.731
202.408
217.984
304.072
218.399
257.132
266.513
222.414
205.546
398.704
203.521
246.605
345.848
242.842
213.539
248.107
348.589
269.327
260.739
200.037
381.511
355.024
218.101
354.312
228.736
257.884
241.599
292.294
267.656
267.458
220.907
203.133
291.978
269.607
228.193
213.626
248.115
213.822
362.133
373.157
379.506
213.417
210.518
206.107
207.589
298.878
231.774
266.593
285.123
254.352
250.791
245.809
210.385
235.162
224.956
301.65
210.364
282.129
259.056
320.32
242.122
289.506
236.102
232.682
283.373
203.278
277.009
248.28
206.778
201.955
201.532
219.356
234.538
245.552
200.739
207.557
210.44
217.341
229.349
307.49
287.094
226.552
336.418
343.223
272.848
231.119
250.595
318.299
248.475
335.97
271.708
231.676
240.516
221.138
229.114
258.944
426.597
214.513
224.927
681.548
218.746
280.3
426.918
200.821
200.132
224.004
468.308
470.919
231.681
246.514
531.057
211.298
600.907
226.689
283.196
345.497
217.313
220.622
379.315
292.67
302.159
221.362
210.404
207.109
204.966
282.172
349.085
281.988
270.66
286.231
232.282
300.754
219.221
460.002
230.885
268.714
212.141
219.128
240.869
274.687
204.066
263.666
265.394
391.382
254.378
235.196
273.128
694.092
291.608
241.609
217.984
221.829
209.487
207.466
226.969
275.196
230.755
263.266
341.712
202.953
302.552
386.25
208.082
489.14
425.985
200.801
259.411
212.009
243.824
230.931
293.6
227.497
235.508
271.792
307.877
863.181
327.017
201.666
740.491
211.636
370.266
282.351
461.557
264.636
338.352
216.31
201.958
347.631
208.598
252.032
273.598
445.943
224.893
263.304
409.092
219.634
220.876
220.814
302.356
201.844
340.704
281.73
206.066
274.922
235.351
217.023
227.427
330.76
652.349
211.258
249.1
229.419
205.597
277.325
256.698
483.632
412.858
208.223
243.473
248.441
240.429
328.058
211.137
258.799
252.313
376.642
409.7
307.454
373.076
417.019
224.733
305.632
341.05
209.239
230.649
262.469
201.129
220.658
277.77
263
241.76
294.245
215.174
213.949
415.906
305.933
301.695
682.925
342.7
229.452
218.309
239.781
314.643
395.691
556.384
352.213
469.461
304.501
289.251
458.83
219.661
276.045
228.037
208.18
306.305
249.726
308.107
340.366
248.355
201.378
300.867
229.234
217.058
297.451
260.594
200.265
282.721
282.76
319.669
213.857
230.731
231.11
1185.7
201.368
288.137
462.17
222.414
237.826
301.829
418.961
399.533
246.118
310.243
219.625
341.034
221.536
247.637
242.578
215.882
242.839
295.469
208.132
326.663
217.025
256.006
267.292
261.457
219.205
337.343
213.635
239.497
337.188
328.184
337.001
253.247
266.813
391.211
302.144
224.359
617.154
270.921
447.773
201.698
306.131
201.569
200.636
247.022
211.868
250.743
209.979
262.261
301.642
444.298
251.726
342.051
287.727
303.023
241.164
279.966
227.07
235.249
376.25
210.749
222.917
202.702
766.934
264.409
242.107
214.853
291.22
233.957
200.836
244.495
237.15
356.43
227.809
367.387
321.495
225.978
207.646
259.498
207.053
325.88
508.421
228.453
400.521
297.752
312.6
203.642
279.621
221.048
259.239
389.702
213.797
211.152
413.705
205.614
218.055
206.964
428.644
251.167
234.627
239.537
655.497
231.793
228.58
255.992
211.714
215.135
269.754
220.626
200.918
214.224
249.479
464.999
207.569
290.532
203.103
205.548
816.526
1196.63
222.533
222.524
240.179
235.731
215.748
309.567
246.53
224.076
376.047
291.618
201.651
650.56
234.307
224.408
280.806
246.516
355.609
250.731
200.435
236.73
346.348
350.43
259.673
219.338
203.826
351.787
205.849
293.397
224.553
208.017
281.016
208.624
358.468
354.535
246.171
231.853
277.427
249.76
312.413
402.407
282.294
200.357
415.974
321.325
250.182
206.855
235.355
269.191
219.579
315.254
404
302.197
313.487
247.701
235.449
330.905
305.804
304.934
345.028
207.396
238.541
245.381
492.596
277.915
212.934
221.779
208.058
296.155
226.78
216.192
337.245
204.768
452.776
326.689
210.364
203.983
274.634
209.855
316.291
266.689
209.812
205.971
311.535
363.526
309.934
458.657
243.614
259.835
812.278
222.326
284.427
390.245
350.441
361.154
248.548
209.096
297.261
243.158
241.613
271.682
249.459
225.657
245.139
396.753
362.961
217.458
365.846
244.986
204.885
345.491
857.877
237.167
296.051
223.989
299.473
265.541
212.422
269.167
311.941
218.799
319.155
218.756
248.347
218.27
331.397
214.795
219.702
354.229
237.156
204.788
240.977
279.387
225.9
202.373
209.323
226.316
203.61
391.742
232.043
263.771
205.723
330.861
220.928
285.515
230.324
285.678
270.278
250.613
262.41
248.626
343.163
441.046
457.767
448.564
760.312
279.424
208.022
207.215
229.924
306.571
227.974
233.064
446.996
559.912
226.634
200.846
288.565
225.719
215.351
255.227
331.858
221.944
248.918
232.547
230.883
297.604
489.353
211.672
203.875
278.973
200.771
287.71
217.005
248.998
297.815
240.72
264.038
244.285
202.832
271.57
477.568
295.99
281.839
260.423
225.342
211.27
258.068
312.623
210.535
219.829
341.281
319.902
205.107
242.299
215.102
247.269
222.65
371.232
305.378
221.276
727.888
266.665
229.954
228.362
203.071
294.734
229.275
302.134
483.887
222.948
422.378
289.37
208.435
235.493
249.71
665.298
208.715
830.384
223.452
554.965
605.608
237.521
264.945
268.948
206.463
213.675
217.741
272.666
252.951
229.412
212.509
215.513
293.961
286.622
201.728
301.435
370.817
210.359
278.525
216.566
218.101
439.603
203.58
264.1
228.672
507.48
200.23
232.581
266.222
323.727
449.347
390.346
200.232
333.21
306.475
537.598
248.946
319.357
258.699
243.062
239.079
203.332
244.829
246.672
295.437
207.126
428.983
265.936
208.276
502.908
206.7
292.06
236.413
219.49
206.833
283.044
202.551
206.751
460.819
398.212
251.187
208.703
213.687
254.031
213.818
263.314
270.381
225.998
207.598
244.504
219.103
233.908
246.171
273.079
216.587
214.476
280.07
616.049
484.48
295.513
232.42
350.575
254.448
221.005
201.675
275.285
300.518
241.47
235.493
339.701
208.916
330.336
373.362
363.999
265.313
212.078
313.896
236.244
210.635
274.456
244.528
247.792
223.244
230.961
262.002
471.128
284.445
280.389
248.413
248.813
240.304
207.034
285.028
266.715
222.401
354.366
240.264
337.209
267.759
216.111
286.566
386.831
860.021
243.971
281.773
361.109
383.385
293.07
252.798
305.089
205.767
259.758
209.743
254.533
240.096
341.665
276.653
257.886
235.064
278.593
243.319
212.826
233.358
209.752
285.795
202.724
392.291
832.521
426.345
206.87
229.489
234.474
211.126
941.561
239.562
218.742
280.587
266.745
319.487
226.87
213.34
228.081
328.723
222.437
243.117
212.445
309.239
214.537
259.496
294.958
204.455
201.983
204.578
289.627
308.457
297.296
376.367
208.055
297.254
231.642
229.21
229.218
220.048
318.58
343.569
252.812
238.246
703.758
202.783
365.955
225.187
266.101
370.417
254.578
284.257
232.725
268.699
239.84
240.235
231.435
200.242
228.736
241.833
218.206
226.788
242.213
296.731
203.209
221.405
613.413
392.944
222.877
406.304
200.467
212.283
215.527
218.888
215.13
388.477
260.837
202.598
249.181
269.184
437.261
271.676
256.462
292.176
1022.78
277.453
217.481
295.156
276.953
276.818
234.107
201.512
247.158
204.998
205.784
232.669
435.423
224.178
252.365
273.96
283.896
234.536
215.107
241.669
236.002
212.953
387.445
350.521
302.04
204.282
301.8
223.757
212.803
246.629
223.732
257.938
241.907
265.021
200.037
335.675
228.004
251.096
257.068
527.362
202.356
214.704
223.271
233.159
427.985
216.13
278.762
200.018
384.996
570.111
266.599
201.122
341.167
208.077
205.932
211.308
222.434
503.701
427.297
208.403
227.455
273.245
207.432
232.248
555.197
207.846
206.739
200.803
304.003
203.728
265.987
275.744
229.743
217.157
207.42
202.771
360.613
228.219
271.033
238.564
573.801
200.152
229.028
285.706
357.806
211.343
351.252
212.134
201.504
398.788
229.238
222.686
611.041
356.505
325.54
242.39
211.981
269.446
235.04
211.336
236.861
323.21
252.96
364.677
242.464
241.11
398.791
215.722
363.222
344.346
222.032
827.888
244.254
316.032
226.23
226.616
219.29
212.243
258.818
208.837
252.472
321.486
505.702
201.953
299.712
278.205
240.158
217.044
225.781
294.632
223.98
253.854
210.618
426.237
256.468
303.115
254.317
267.668
203.926
213.766
346.234
266.248
218.236
262.059
207
308.751
221.955
256.99
329.358
314.906
214.418
415.981
281.116
280.214
248.016
239.301
204.277
200.644
209.619
275.821
244.064
263.181
244.123
223.508
393.16
267.404
283.967
222.782
201.117
218.673
204.648
449.593
325.401
217.085
213.902
295.434
205.811
277.942
237.411
253.671
204.208
218.596
264.068
223.358
226.446
261.186
246.621
306.292
215.792
274.569
477.09
312.498
201.216
214.663
221.224
211.402
214.509
237.607
240.01
225.375
355.951
221.531
212.629
211.993
311.014
339.257
259.729
227.458
201.338
253.63
536.578
273.81
248.139
346.974
262.772
265.929
242.932
329.991
306.389
293.43
298.891
241.33
241.524
201.723
361.029
210.687
260.789
441.676
227.431
242.194
215.849
419.82
230.02
321.048
203.88
430.863
248.717
271.722
239.756
428.939
216.261
206.386
480.117
309.747
247.119
200.918
308.89
258.969
367.623
202.393
220.273
224.978
212.953
221.574
269.223
233.529
251.996
229.428
234.231
236.37
206.666
236.387
401.846
253.361
362.09
215.023
203.922
234.135
379.386
251.319
203.111
269.284
329.357
334.975
268.468
220.107
545.002
239.581
219.581
210.585
213.502
208.665
248.542
236.237
268.79
292.867
210.957
208.983
216.423
268.082
604.882
343.019
205.288
330.537
246.639
532.989
206.56
205.161
209.573
250.589
250.102
712.147
243.768
203.649
223.781
216.82
210.071
244.023
204.198
207.976
409.585
278.541
295.251
267.352
211.559
240.826
209.447
362.653
204.252
272.415
203.453
214.646
267.664
263.682
273.554
293.716
325.403
209.27
223.016
646.347
328.927
240.676
223.26
213.162
221.587
245.129
244.98
203.492
460.607
291.952
216.908
224.473
204.998
223.877
245.286
232.981
413.438
276.496
223.199
248.324
359.006
290.661
244.661
290.61
333.567
219.048
213.939
226.334
268.041
373.225
426.739
220.658
235.242
227.271
284.877
340.607
205.949
556.298
419.72
374.973
248.644
467.764
250.154
285.899
222.2
330.701
247.921
201.035
203.034
246.493
222.016
234.211
735.939
260.133
292.394
291.829
825.626
386.256
246.885
229.554
296.111
363.795
210.746
337.861
249.642
566.886
226.497
204.309
222
1026.63
243.16
924.131
242.14
346.651
271.715
201.388
234.139
203.738
759.366
237.617
404.461
239.169
202.65
266.024
214.714
797.707
315.812
360.963
240.354
201.283
213.668
281.904
205.409
208.279
292
350.973
245.467
224.562
204.262
382.124
223.298
248.296
441.275
211.577
210.803
216.227
316.525
215.956
279.186
221.75
209.172
566.754
214.637
246.339
421.987
246.03
227.693
285.801
221.023
211.426
361.069
240.753
244.264
252.383
570.136
247.174
433.938
597.778
217.226
256.813
403.031
1639.46
238.218
203.799
337.353
214.376
244.305
696.76
217.094
211.145
398.967
237.964
223.768
242.464
306.24
302.414
401.937
224.982
204.561
222.378
277.292
236.624
477.255
211.26
225.198
206.024
304.256
225.269
476.25
231.056
292.79
233.88
210.385
252.598
214.476
217.035
229.475
200.37
230.252
421.9
266.623
230.783
229.569
227.644
220.984
224.335
331.754
209.647
277.977
231.4
208.372
454.115
225.936
270.346
250.894
328.392
203.48
274.478
255.595
236.191
305.066
404.944
222.877
339.128
259.99
276.787
258.192
222.349
247.316
248.516
269.939
283.332
257.971
223.289
218.966
242.06
201.574
215.958
254.976
