213.221
200.494
796.667
210.827
284.058
472.648
1444.53
259.682
357.385
228.09
237.491
236.844
267.271
203.934
357.532
243.791
200.592
238.42
490.461
204.639
248.089
496.925
254.88
319.833
260.912
255.699
251.746
219.041
220.166
312.296
299.715
479.344
265.714
251.553
358.396
316.771
208.837
211.969
236.411
267.507
228.664
297.49
208.209
378.493
222.041
217.835
200.192
200.552
207.81
299.972
276.317
299.204
217.244
226.142
278.55
366.654
281.84
209.943
210.114
227.374
275.342
839.728
227.958
973.469
259.746
254.998
382.177
209.597
773.84
311.929
222.25
326.749
203.396
254.094
234.889
259.336
249.028
210.675
256.107
334.955
246.12
264.401
232.626
212.422
436.841
211.965
453.029
215.095
317.91
301.307
227.873
306.385
204.022
303.686
449.554
206.109
904.331
217.486
255.519
348.037
402.942
204.534
541.884
330.298
393.205
349.017
260.728
273.07
388.658
254.167
483.172
430.55
727.374
328.708
206.177
237.943
383.956
295.809
251.992
222.76
935.493
224.833
336.676
310.385
205.263
265.273
224.504
279.056
202.887
280.664
226.13
222.268
206.594
238.864
244.391
258.936
374.382
958.442
204.946
229.819
253.697
577.634
327.352
350.196
294.545
203.823
330.221
271.943
410.286
238.411
292.884
236.609
315.552
351.758
265.253
230.751
224.658
260.459
697.1
310.472
374.812
431.269
218.545
284.493
287.52
210.639
223.143
241.046
414.787
350.021
290.215
259.205
263.729
309.393
459.303
344.526
240.61
238.678
819.473
229.319
294.617
207.673
354.994
339.869
269.067
223.3
382.319
335.377
871.468
254.199
205.334
358.442
240.732
260.985
261.853
251.938
220.463
205.767
327.613
219.757
265.125
211.976
201.393
208.773
219.29
202.193
736.686
282.057
248.351
365.312
235.489
225.036
215.606
228.175
245.727
203.487
379.775
232.899
225.706
244.704
241.278
239.844
546.896
307.309
275.525
312.179
237.861
223.611
551.639
204.526
1187.57
205.134
205.48
215.007
442.382
291.772
264.259
254.876
679.08
209.134
215.439
206.204
366.738
201.576
331.282
298.997
371.168
1128.67
258.298
223.971
200.826
310.627
232.263
229.186
668.796
238.617
309.104
205.215
248.477
299.241
223.484
229.922
237.964
230.684
673.033
381.704
246.974
216.412
210.673
203.89
210.599
229.621
280.441
249.814
382.773
218.687
298.238
247.275
238.998
324.822
202.938
323.781
282.312
385.942
211.766
203.096
545.078
601.473
267.412
213.712
1494.74
224.321
232.409
241.201
461.869
218.275
218.737
285.48
315.133
200.895
483.756
216.786
203.45
229.179
273.068
224.88
207.251
228.755
265.439
283.854
265.321
221.382
261.71
318.49
238.065
323.309
277.863
288.434
221.271
273.638
224.016
207.483
712.965
207.731
272.555
287.172
265.722
213.82
339.181
250.839
468.253
216.804
351.063
359.989
213.04
326.743
289.323
236.821
200.644
212.306
387.453
474.952
204.529
291.561
677.103
200.833
229.009
261.582
207.909
313.37
241.002
326.642
274.873
281.539
249.481
316.449
258.905
270.873
330.067
221.115
279.9
299.585
276.606
231.017
224.669
211.729
219.622
211.279
256.184
244.937
235.153
347.166
224.152
450.911
204.888
208.746
202.265
562.676
500.179
252.393
203.504
264.838
262.507
402.339
212.358
200.816
210.742
204.152
239.203
258.496
329.178
267.511
260.803
215.453
234.111
242.18
202.724
278.449
241.557
225.468
248.656
208.801
283.106
203.681
309.868
333.267
997.643
250.805
411.082
201.504
302.356
213.092
228.659
503.526
247.15
769.389
220.257
241.377
264.972
373.834
374.981
375.544
279.773
341.785
243.625
227.912
240.792
209.597
235.879
337.723
953.164
201.68
253.907
267.565
205.482
217.775
225.357
266.548
418.429
241.479
300.656
292.407
244.888
241.338
252.446
246.731
249.652
436.305
225.278
220.386
232.813
212.257
609.633
233.002
253.521
298.941
204.098
276.991
256.893
201.224
289.055
219.374
338.886
203.153
203.217
468.873
702.288
244.055
749.969
204.416
221.944
223.28
208.014
202.628
223.812
355.227
281.721
216.049
306.1
343.855
215.479
219.893
275.487
237.626
205.735
254.352
226.002
201.499
416.432
237.401
316.855
229.367
222.803
239.499
210.931
210.867
241.655
253.797
318.442
210.537
287.625
227.842
222.713
321.308
221.226
256.443
282.204
262.515
352.933
324.629
255.049
221.567
294.686
218.399
257.132
203.521
246.605
345.848
213.539
248.107
200.037
355.024
228.736
255.814
220.907
203.133
269.607
228.193
248.115
213.822
210.518
206.107
207.589
250.791
245.809
210.385
301.65
282.129
259.056
320.32
289.506
283.373
203.278
248.28
206.778
201.532
219.356
207.557
229.349
287.094
226.552
343.223
272.848
231.119
335.97
271.708
221.138
229.114
328.213
426.597
214.513
224.927
681.548
280.3
426.918
468.308
600.907
283.196
217.313
379.315
302.159
282.172
281.988
358.14
270.66
232.282
460.002
230.885
268.714
212.141
207.362
240.869
330.148
274.687
391.382
254.378
694.092
209.487
207.466
275.196
202.953
386.25
208.082
235.508
271.792
327.017
370.266
216.31
208.598
252.032
445.943
263.304
340.704
274.922
217.023
227.427
330.76
652.349
211.258
249.1
229.419
412.858
243.473
248.441
240.429
211.137
376.642
307.454
417.019
305.632
230.649
262.469
220.658
277.77
241.76
215.174
217.38
213.949
305.933
301.695
682.925
218.309
239.781
392.92
458.83
233.714
228.037
208.18
306.305
249.726
308.107
340.366
248.355
201.378
217.058
297.451
260.594
200.265
282.721
282.76
230.731
273.543
231.11
1185.7
201.368
311.402
222.414
301.829
418.961
399.533
219.625
247.637
215.882
242.839
208.132
326.663
256.006
267.292
337.343
213.635
337.001
266.813
224.359
201.698
258.366
306.131
201.569
250.743
301.642
251.726
747.522
279.966
210.749
228.998
233.957
200.836
244.495
237.15
250.296
321.495
231.942
293.52
207.646
207.053
325.88
228.453
400.521
312.6
203.642
266.818
389.702
413.705
206.964
234.627
655.497
228.58
255.992
200.918
249.479
207.569
290.532
307.259
1196.63
235.731
215.748
309.567
246.53
308.417
650.56
224.408
353
246.516
236.73
350.43
219.338
205.849
208.017
208.624
358.468
246.171
312.413
402.407
282.294
200.357
415.974
269.191
386.906
219.579
404
247.701
235.449
305.804
304.934
345.028
207.396
245.381
492.596
277.915
296.155
203.983
209.855
363.526
458.657
284.427
361.154
209.096
271.682
245.139
362.961
244.986
237.167
265.541
311.941
248.347
218.27
331.397
204.788
279.387
209.323
391.742
205.723
330.861
285.678
270.278
262.41
441.046
448.564
760.312
279.424
208.022
306.571
200.846
205.961
255.227
221.944
489.353
203.875
278.973
200.771
217.005
248.998
244.285
202.832
477.568
295.99
260.423
211.27
423.634
258.068
210.535
219.829
242.299
221.276
302.134
483.887
249.71
268.948
206.463
252.951
229.412
212.509
293.961
370.817
278.525
216.566
218.101
439.603
203.58
264.1
232.581
323.727
200.232
306.475
564.098
537.598
319.357
258.699
243.062
203.332
246.672
207.126
208.276
206.7
292.06
202.551
318.251
460.819
398.212
251.187
208.703
213.687
263.314
270.381
522.571
207.598
244.504
219.103
233.908
216.587
214.476
484.48
350.575
201.675
339.701
208.916
363.999
212.078
236.244
451.9
244.528
247.792
223.244
248.413
207.034
222.401
354.366
337.209
216.111
243.971
281.773
361.109
383.385
252.798
209.743
240.096
278.593
212.826
233.358
392.291
426.345
206.87
234.474
941.561
218.742
280.587
266.745
319.487
328.723
201.983
289.627
308.457
376.367
229.21
220.048
252.812
703.758
365.955
226.256
370.417
268.699
200.242
228.736
203.209
221.405
392.944
215.13
260.837
202.598
345.39
269.184
271.676
292.176
384.302
295.156
276.818
202.116
234.107
201.512
338.081
241.669
236.002
350.521
302.04
301.8
223.757
246.629
375.823
335.675
228.004
214.704
570.111
266.599
341.167
205.932
222.434
503.701
212.257
304.003
265.987
275.744
360.613
573.801
200.152
285.706
357.806
211.343
212.134
229.238
222.686
325.54
242.39
235.04
236.861
242.464
241.11
344.346
222.032
244.254
226.23
258.818
338.528
252.472
201.953
278.205
240.158
223.98
426.237
256.468
203.926
219.107
218.236
262.059
221.955
415.981
280.214
200.644
209.619
283.967
222.782
201.117
449.593
325.401
213.902
295.434
205.811
277.942
237.411
204.208
261.186
262.412
274.569
312.498
201.216
211.402
214.509
237.607
240.01
355.951
212.629
211.993
311.014
339.257
259.729
227.458
201.338
536.578
248.139
221.185
329.991
293.43
298.891
361.029
210.687
260.789
441.676
227.431
215.849
239.756
309.747
308.89
202.393
220.273
224.978
221.574
229.428
234.231
236.37
206.666
253.361
203.922
251.319
329.357
334.975
239.581
219.581
210.585
213.502
208.665
248.542
268.79
216.423
604.882
343.019
330.537
532.989
250.589
243.768
203.649
409.585
209.447
204.252
272.415
203.453
293.716
223.016
328.927
250.26
213.162
244.98
245.286
413.438
276.496
213.939
226.334
268.041
426.739
235.242
227.271
374.973
248.644
285.899
222.2
330.701
246.493
234.211
386.256
246.885
229.554
363.795
210.746
249.642
566.886
1026.63
924.131
242.14
346.651
234.139
759.366
237.617
404.461
202.65
214.714
239.153
201.283
213.668
205.409
435.656
350.973
224.562
211.577
210.803
279.186
421.987
361.069
240.753
252.383
247.174
433.938
597.778
337.353
211.145
398.967
223.768
445.345
277.292
225.198
225.269
292.79
252.598
229.475
200.37
230.252
229.569
220.984
224.335
331.754
209.647
277.977
231.4
328.392
305.066
404.944
222.877
259.99
276.787
258.192
247.316
269.939
283.332
223.289
218.966
242.06
