303.709
414.731
476.213
350.721
444.073
342.93
204.871
214.056
208.888
260.749
255.732
240.535
271.744
478.003
310.891
204.291
270.819
227.121
218.756
203.347
220.678
218.977
383.269
266.897
217.366
253.89
259.413
736.191
330.071
477.82
276.807
525.903
242.654
210.912
287.979
222.02
397.686
632.463
277.097
237.179
281.407
956.552
278.401
396.682
286.639
210.844
343.927
257.752
268.186
219.634
210.34
323.008
259.971
242.796
231.808
482.251
203.63
248.93
222.421
237.91
217.357
464.854
276.063
281.741
294.905
216.696
209.988
340.727
348.233
230.586
328.184
282.722
295.08
367.574
244.982
248.123
277.173
204.343
236.108
217.963
452.046
208.413
209.907
271.525
266.762
251.867
343.204
272.916
202.771
206.686
328.091
254.924
816.605
203.772
261.84
823.544
210.711
253.409
245.147
250.713
321.817
279.297
214.156
323.424
496.4
274.173
225.71
283.071
466.299
213.848
240.254
386.04
202.48
227.236
215.325
216.322
377.48
262.859
200.858
229.004
210
259.363
297.407
401.928
332.914
202.485
227.073
208.83
369.751
405.443
210.136
594.016
461.452
267.496
378.053
215.465
281.313
201.574
464.693
244.591
201.301
305.395
212.403
626.374
258.167
240.427
231.249
211.485
349.863
460.155
291.776
257.06
260.438
263.668
210.499
234.947
202.645
218.735
257.957
232.459
215.156
252.684
290.205
316.354
298.603
231.398
263.759
392.203
296.827
212.377
218.3
223.64
208.583
206.649
316.307
225.269
232.159
278.356
227.609
440.672
265.874
402.984
507.87
804.076
220.468
242.868
409.528
226.749
359.616
262.061
273.011
275.735
235.65
1422.06
300.757
201.249
246.374
229.78
232.942
363.374
289.846
449.104
483.101
262.336
217.152
207.55
627.966
206.524
274.122
356.08
248.292
425.56
203.465
1212.56
243.752
346.892
226.956
366.767
361.368
204.78
240.47
388.017
247.942
277.703
202.297
298.625
220.034
384.578
211.551
284.608
353.843
458.674
210.44
239.27
382.687
287.115
284.382
207.574
271.989
299.142
247.808
237.565
274.259
375.745
214.618
300.691
234.578
284.134
231.812
234.344
270
203.45
302.4
332.316
327.552
201.504
260.417
328.174
412.022
214.434
320.905
242.93
207.458
228.237
218.422
355.689
253.708
491.763
283.574
202.559
300.811
367.611
317.017
358.997
230.043
266.546
255.333
255.294
347.655
229.826
384.13
449.812
369.375
295
212.516
258.815
340.428
213.972
290.224
276.331
277.534
227.781
276.628
246.676
699.515
257.257
532.909
1220.76
301.609
229.672
204.568
238.981
240.185
476.454
354.727
287.258
243.557
292.684
224.856
434.19
200.09
361.309
294.534
346.788
751.349
206.429
205.085
203.217
223.379
444.487
254.637
210.04
302.549
351.602
310.118
361.451
285.417
283.498
228.685
206.102
298.789
203.086
264.409
344.086
265.134
535.974
425.797
212.469
211.272
422.33
219.185
204.269
290.215
259.785
232.955
338.848
311.427
208.806
239.604
362.704
200.357
665.945
646.818
341.287
201.958
343.453
235.306
208.372
217.159
275.169
646.886
226.245
263.907
222.07
224.397
339.174
205.825
397.667
224.591
259.054
334.355
416.739
616.904
214.383
384.51
466.216
710.001
235.981
246.42
298.362
243.83
321.59
230.263
453.139
268.052
214.923
236.516
220.431
293.978
213.614
216.809
226.53
339.175
229.704
236.911
203.305
202.297
278.869
226.004
245.565
285.659
265.701
251.47
333.718
243.056
212.226
224.927
202.726
365.493
224.722
272.914
220.597
261.199
291.184
296.051
259.044
287.884
205.704
519.302
202.736
281.009
276.735
222.632
244.714
271.93
506.877
201.708
244.035
288.806
248.443
304.304
291.002
373.383
355.03
204.12
499.761
268.487
218.28
332.932
366.79
218.041
297.799
204.827
449.918
407.736
281.5
226.133
434.51
227.244
222.72
284.468
486.898
215.047
259.334
208.382
407.2
269.609
217.989
316.768
200.577
257.366
328.423
262.044
495.27
327.468
271.337
250.414
307.717
227.315
421.674
266.918
217.081
414.863
244.461
243.571
1110.78
503.754
224.884
296.16
287.2
385.483
203.733
250.743
318.365
229.454
202.025
242.771
339.57
419.58
204.993
312.936
258.37
216.194
243.399
213.923
225.479
243.076
493.205
215.081
223.011
457.529
279.138
317.899
210.685
287.618
303.738
245.941
286.552
289.501
354.614
218.724
260.236
427.412
389.897
496.211
210.986
739.148
276.129
240.354
279.546
358.353
353.644
228.327
249.337
302.237
280.068
248.034
329.704
307.669
263.949
250.298
238.038
218.023
223.553
543.492
290.854
255.595
406.255
582.676
453.655
300.832
366.853
225.635
203.922
246.024
215.984
202.109
275.273
429.838
364.486
283.164
218.73
658.929
264.823
214.082
263.543
524.536
332.749
240.462
241.789
212.965
390.761
237.796
266.357
419.304
349.564
399.436
261.354
364.266
249.411
389.468
287.936
337.993
246.311
335.732
248.383
212.497
202.596
211.384
226.42
237.579
322.786
336.244
368.757
276.478
258.776
265.857
270.782
331.762
703.149
349.324
235.451
331.48
200.649
735.515
567.838
200.005
203.231
254.602
246.98
242.555
266.18
308.193
311.529
268.134
227.183
239.767
291.019
223.381
338.127
289.016
234.429
209.33
415.607
255.809
293.677
580.785
218.298
219.504
512.067
209.38
286.388
285.554
240.846
254.136
231.62
297.568
300.746
215.29
264.551
255.1
212.375
230.502
541.961
391.587
319.161
255.431
485.949
346.759
225.796
281.592
698.731
300.232
228.611
337.007
449.042
216.287
208.832
243.686
231.81
248.244
226.914
290.028
237.615
247.346
241.307
428.524
447.941
267.875
206.512
328.67
336.076
234.423
291.592
216.894
328.78
460.444
255.771
456.281
224.408
216.993
370.204
241.822
299.486
213.841
240.732
235.739
254.051
235.234
269.787
225.129
234.783
272.888
235.245
318.135
217.028
252.307
232.979
247.598
215.098
201.928
239.606
275.389
254.297
244.047
660.881
219.027
729.028
267.346
200.923
236.182
240.065
293.981
673.756
250.679
246.388
219.477
340.241
268.507
225.111
269.243
534.816
289.684
209.986
269.679
208.646
228.368
264.728
276.94
261.821
260.513
1006.55
490.631
470.627
217.878
397.351
384.588
363.348
248.863
569.36
225.129
211.625
315.978
456.43
518.518
204.389
341.416
251.776
203.517
410.843
276.991
254.122
203.701
221.993
206.075
205.913
205.623
438.806
213.565
508.631
247.552
266.438
201.698
209.824
418.907
287.172
403.249
290.596
264.579
251.123
203.108
220.518
298.562
251.468
376.829
303.518
230.43
401.588
365.487
278.779
270.95
216.102
504.766
204.893
253.3
392.681
203.492
205.215
455.815
281.768
273.806
270.924
217.437
218.28
256.825
269.477
490.254
414.644
344.711
248.495
220.543
229.713
215.342
204.661
259.937
227.644
379.959
247.74
322.293
225.304
308.462
297.362
236.455
751.715
498.994
243.522
327.686
215.142
360.828
231.171
208.643
352.189
429.478
357.158
272.015
227.007
200.489
291.44
221.847
231.59
259.395
321.54
256.367
1267.56
255.568
284.907
347.32
278.185
242.652
287.823
225.599
236.639
275.523
222.27
239.203
291.055
239.595
269.407
268.302
213.553
414.9
345.219
268.129
202.689
205.594
445.956
349.8
273.719
227.418
379.339
222.268
276.308
210.428
207.331
203.44
248.183
288.187
277.2
304.67
360.261
480.258
205.09
257.101
287.449
244.16
370.62
274.064
428.049
266.445
206.293
244.976
241.394
254.213
207.039
501.336
392.8
393.768
238.229
201.504
265.675
396.598
247.609
205.796
228.383
230.903
324.181
204.583
262.416
276.13
274.838
293.428
204.296
238.912
444.953
225.528
351.847
524.187
207.302
232.06
266.805
265.55
258.847
224.357
351.75
206.993
345.458
269.366
357.248
365.586
237.87
234
304.043
283.159
568.224
307.75
311.713
282.885
254.556
230.851
206.153
248.383
243.711
204.558
253.051
272.881
288.432
318.102
309.748
268.295
211.135
219.091
441.011
889.285
276.668
252.757
229.621
205.017
212.739
221.418
424.25
215.235
410.101
250.872
214.346
251.261
238.403
237.546
270.812
261.912
347.872
227.042
239.577
225.278
293.022
238.409
220.359
276.228
314.865
515.358
258.778
239.029
205.808
242.339
279.491
230.651
217.706
212.342
223.484
222.764
264.418
217.221
242.726
207.314
330.658
209.404
225.929
225.819
203.335
208.993
317.482
244.018
307.42
309.532
470.003
280.598
421.317
265.562
205.973
230.295
294.612
295.674
313.539
507.404
420.824
414.343
254.417
296.736
252.242
205.477
232.146
257.039
398.579
642.261
307.055
234.137
278.688
222.522
266.447
264.008
354.15
361.91
264.802
208.923
275.483
314.42
246.773
277.996
229.425
235.1
285.263
248.506
252.345
470.095
590.371
266.284
601.722
315.17
325.589
313.447
213.218
323.728
236.229
213.549
203.706
229.079
291.108
551.111
205.509
294.571
517.045
214.457
229.848
207.157
371.036
243.738
248.077
242.38
213.431
208.324
274.14
211.263
212.429
223.193
269.477
205.786
245.051
201.455
318.431
635.567
207.222
203.086
560.392
255.404
253.569
247.879
226.72
237.662
449.299
249.325
931.977
339.03
259.421
239.842
351.09
208.401
745.88
300.91
375.965
305.465
277.957
213.272
308.866
204.79
279.623
279.179
493.648
203.868
361.08
445.438
221.725
406.241
417.659
214.266
320.314
285.804
290.525
226.159
367.106
200.445
232.663
212.415
228.44
540.612
224.595
292.604
334.761
249.584
257
252.905
230.067
203.007
290.038
200.509
421.424
214.248
306.835
355.969
362.556
218.9
244.014
200.499
517.764
232.768
282.342
259.577
518.952
215.095
309.369
277.309
282.922
259.54
717.742
296.581
275.975
396.953
205.066
322.034
209.423
491.573
334.657
257.979
227.627
205.947
278.864
240.603
341.833
311.62
954.102
393.886
252.519
210.886
238.338
399.804
346.729
233.189
219.622
318.321
281.421
228.103
286.475
343.127
218.241
307.065
225.364
267.511
279.995
228.478
219.57
644.198
385.592
205.156
249.894
221.292
275.053
341.589
225.453
207.326
248.831
271.081
249.459
224.591
215.981
369.159
227.414
569.384
478.123
228.827
427.586
233.989
221.833
298.98
296.724
373.273
217.122
259.401
247.043
374.53
226.159
272.38
264.411
209.385
256.371
626.584
306.612
293.157
295.068
276.731
316.841
235.521
212.2
318.953
523.694
213.131
322.3
330.513
255.717
420.321
269.009
237.261
258.06
206.833
222.592
312.484
297.052
256.435
333.05
222.508
204.543
847.978
237.754
243.85
317.615
666.275
254.706
370.315
441.522
389.808
1222.77
264.233
220.925
688.407
207.545
208.902
377.457
226.453
261.843
295.995
364.945
247.661
566.524
253.166
539.282
200.744
286.388
211.187
215.81
224.223
216.259
420.72
204.049
655.968
202.813
207.769
227.851
888.157
254.252
332.274
590.169
208.195
230.017
429.304
255.312
508.761
202.936
260.714
257.498
221.565
299.018
269.752
203.33
243.261
353.473
466.263
521.865
259.607
323.348
376.234
310.358
247.82
204.069
211.44
267.488
215.386
293.954
319.614
255.979
239.81
211.818
254.386
299.02
260.185
268.328
247.964
274.754
202.862
204.181
534.408
203.693
204.174
259.775
316.932
371.251
217.458
215.824
265.919
247.008
265.034
409.363
304.219
280.822
235.837
337.48
425.757
250.709
229.142
395.41
350.35
426.736
214.182
220.508
248.968
473.323
294.321
224.86
325.563
351.043
476.03
222.297
288.075
246.357
335.725
230.063
204.841
1246.8
236.39
200.045
220.611
382.109
342.891
297.093
471.275
202.8
229.68
234.184
376.736
298.694
240.335
206.024
344.787
444.409
411.362
260.645
384.074
201.336
667.217
283.104
202.818
279.383
261.023
274.259
357.681
215.571
520.964
221.937
270.252
201.762
245.727
286.466
310.77
379.888
398.342
471.75
376.922
258.234
256.418
212.939
291.945
295.403
225.162
534.032
281.354
250.904
840.668
374.116
205.117
249.97
246.729
312.842
223.991
210.666
298.431
210.685
366.444
247.548
306.149
207.393
255.282
223.732
245.575
219.659
368.392
297.745
224.196
312.45
496.619
268.846
454.547
242.017
208.67
298.645
352.646
200.968
352.517
219.1
223.202
332.548
218.982
234.508
418.138
311.429
238.063
287.254
214.11
281.526
268.399
258.048
428.59
300.413
227.416
223.824
223.159
268.276
281.826
208.54
221.984
234.141
261.721
340.053
294.586
236.749
203.951
678.064
294.737
263.342
225.725
239.155
274.971
280.459
205.08
270.279
236.299
234.723
282.73
200.689
215.414
235.767
307.226
268.734
246.905
402.887
328.16
906.179
292.855
284.614
665.108
220.957
323.053
288.657
212.457
257.546
276.438
505.017
200.477
453.102
206.335
212.753
259.898
270.37
502.326
449.752
261.461
344.465
253.779
200.247
235.238
456.548
280.872
439.923
349.477
207.246
210.917
306.857
202.064
317.753
252.214
266.34
323.875
484.986
203.863
317.959
230.246
246.171
222.387
330.244
291.705
228.451
230.137
361.684
258.645
366.742
383.288
241.613
226.727
307.639
224.597
378.169
205.881
263.807
326.864
272.439
365.463
223.721
233.33
300.248
321.202
219.941
223.482
241.58
313.374
228.123
739.076
259.567
230.877
364.561
249.319
285.091
276.411
360.4
240.447
326.602
283.32
290
398.436
209.222
291.906
291.398
241.969
312.285
238.696
298.138
392.032
216.365
289.981
218.938
220.817
229.02
232.616
208.809
341.192
253.681
213.319
201.281
395.029
277.532
212.424
752.985
458.929
1978.28
214.021
317.361
278.201
247.54
212.511
297.713
321.38
262.421
261.677
206.906
206.896
318.547
265.403
224.437
515.095
278.706
353.809
332.965
548.348
528.679
214.089
225.122
220.445
316.915
240.329
225.389
255.057
265.532
246.455
344.558
314.544
222.365
428.832
280.112
211.684
201.95
205.968
248.189
229.022
208.674
361.107
369.444
266.28
228.6
252.785
306.487
217.023
661.343
328.143
283.394
400.28
549.336
229.227
206.901
212.205
306.658
384.424
202.941
313.46
236.776
301.302
234.964
246.23
231.106
315.617
240.45
227.11
281.537
209.218
713.866
229.619
222.308
355.975
251.996
228.434
343.987
319.376
255.552
231.659
266.336
224.673
1440.73
204.201
266.462
250.296
215.555
281.665
246.268
232.766
227.737
323.96
239.904
244.888
273.907
201.985
299.772
500.88
226.548
231.037
246.575
363.566
381.835
250.511
258.563
226.195
487.39
204.37
207.087
214.339
202.596
211.31
204.749
261.364
294.109
259.638
241.367
212.69
203.244
220.161
366.757
829.486
272.338
607.789
334.885
221.709
356.8
243.193
241.342
204.895
223.016
352.153
232.56
222.383
210.872
208.257
201.879
254.277
206.582
307.2
207.521
323.804
855.633
295.007
287.449
294.401
429.129
433.728
362.443
233.538
206.155
221.572
262.823
279.204
303.2
216.631
216.737
822.779
339.715
325.507
415.719
225.389
216.76
246.083
568.236
236.73
249.461
261.368
228.309
202.709
320.679
283.125
307.457
269.702
319.44
433.808
275.947
333.976
278.959
331.415
368.077
200.355
308.686
255.184
253.515
753.415
206.855
309.939
265.754
234.647
315.661
285.082
400.835
240.805
202.773
275.623
227.98
207.176
414.388
207.841
286.648
1095.53
217.566
209.304
365.81
283.079
282.17
228.388
254.087
241.56
270.756
262.627
310.097
210.252
616.503
237.594
340.038
229.604
452.562
448.696
291.645
275.205
480.501
269.009
201.876
439.673
305.673
243.631
306.206
210.276
211.081
261.469
259.411
536.997
412.602
242.891
206.874
310.284
258.959
289.268
403.336
400.421
224.973
422.588
544.519
207.169
267.825
201
361.645
212.843
235.86
312.727
207.171
828.922
592.117
252.513
316.558
297.263
361.15
432.98
249.253
249.536
285.158
221.793
286.505
386.312
252.913
303.271
200.012
453.681
354.71
284.48
280.749
233.48
217.111
268.384
349.367
225.701
202.694
427.829
474.932
221.05
279.077
396.829
229.105
267.015
292.385
262.541
242.083
266.015
256.447
237.219
208.602
225.559
207.179
222.275
372.968
209.647
380.27
264.015
259.216
422.104
205.49
299.344
231.476
300.436
201.611
905.136
357.586
393.981
312.671
244.053
331.344
330.813
208.019
263.896
245.55
299.49
223.482
299.768
346.609
211.568
250.33
201.599
243.419
210.259
253.458
218.037
201.137
475.406
453.602
300.098
450.014
206.507
274.379
237.762
507.368
211.239
353.415
306.98
274.545
300.376
234.455
311.67
389.651
448.791
483.892
265.198
236.229
215.81
247.121
218.877
200.671
293.895
290.188
482.747
435.37
204.585
1080.08
707.393
824.605
407.346
259.767
227.596
252.018
278.729
266.088
235.194
205.818
206.347
375.569
282.16
482.994
453.788
221.817
420.897
225.903
241.458
305.881
207.319
216.384
453.817
271.286
365.928
656.218
319.017
203.404
255.18
232.903
374.031
429.645
306.292
220.164
260.196
207.861
283.193
293.964
230.623
636.611
325.487
289.169
210.554
222.863
280.517
428.347
315.913
204.323
302.093
206.995
214.299
357.165
266.878
245.457
264.206
423.487
336.18
227.258
223.915
218.934
304.169
393.346
258.039
563.098
230.532
327.605
331.988
422.571
376.743
203.482
433.689
245.416
335.37
279.46
209.359
220.724
312.429
262.326
204.639
253.318
3128
200.307
218.671
263.258
466.28
201.447
247.15
225.564
286.267
941.02
240.366
212.184
323.898
208.768
713.227
328.443
262.08
276.368
377.936
225.267
219.891
415.708
226.237
263.314
204.668
704.179
203.873
235.41
201.723
377.725
504.057
234.568
278.907
273.34
362.075
203.777
231.873
206.787
207.014
230.263
226.524
217.175
499.928
300.343
304.371
260.342
560.761
294.591
204.736
258.828
303.229
201.102
811.284
237.141
249.139
211.09
808.666
223.141
233.069
362.269
226.656
240.454
328.842
212.699
310.003
372.932
216.728
207.928
308.733
207.458
379.857
529.008
228.812
211.391
242.454
217.878
204.827
324.214
315.603
248.026
287.077
293.74
642.552
241.079
466.81
306.114
242.563
343.406
220.857
217.807
240.508
205.585
251.511
296.248
273.576
298.533
313.764
220.191
366.363
205.331
226.124
540.112
319.233
311.665
223.094
226.811
513.946
201.211
349.859
252.893
223.645
203.376
248.226
282.094
278.505
305.372
211.917
227.86
241.462
245.548
298.128
255.791
336.332
680.941
245.872
288.579
216.331
291.947
243.594
258.517
304.651
205.068
206.131
291.731
309.141
298.926
254.98
333.742
336.523
207.519
281.478
531.837
203.01
272.846
210.746
691.414
371.036
266.644
304.785
380.113
450.109
221.104
462.186
273.574
523.367
232.174
218.339
206.908
247.396
244.416
1119.91
263.441
225.779
291.113
230.63
257.266
256.361
560.638
348.951
249.568
423.51
210.654
549.813
273.018
231.445
265.143
217.274
231.42
295.932
255.112
487.472
383.086
396.351
286.655
402.103
208.178
261.17
202.368
532.405
249.088
233.191
225.743
231.314
254.688
265.569
318.864
311.085
381.224
209.986
235.637
254.482
256.273
309.483
287.79
223.408
211.492
214.114
414.972
241.292
265.925
334.804
328.626
244.943
206.657
303.531
1032.98
433.289
223.797
290.505
610.198
349.947
217.55
279.317
329.792
231.551
271.343
200.335
225.056
224.223
379.941
292.493
223.83
225.369
209.28
204.546
