247.077
349.158
270.44
210.392
391.285
211.927
587.496
629.301
201.211
233.538
606.81
271.739
268.524
460.496
257.435
207
276.373
232.502
265.628
227.969
253.831
219.529
374.176
297.436
200.492
374.091
211.317
300.658
340.712
230.172
295.008
207.058
278.225
252.395
440.746
216.16
262.501
205.874
204.157
202.341
214.73
216.372
248.449
246.694
208.962
273.569
208.878
820.599
234.87
210.019
211.187
227.568
210.635
284.25
217.124
219.11
358.784
277.559
254.625
403.813
215.91
249.335
295.855
204.536
328.466
501.19
207.564
206.4
209.103
351.528
408.31
274.88
203.507
771.208
285.578
377.85
292.231
220.014
241.012
371.856
226.252
334.392
332.324
201.241
359.628
204.323
229.116
222.948
207.598
236.104
390.594
297.538
325.589
201.604
1136.54
327.293
361.129
246.022
328.722
345.626
641.16
204.482
283.53
904.755
379.138
339.709
253.695
202.921
228.886
210.452
233.731
700.64
242.332
239.389
278.482
270.311
231.147
279.641
245.628
1206.96
207.694
355.407
259.006
208.528
406.375
381.265
210.083
213.075
207.523
213.263
213.106
310.929
209.986
383.163
212.116
269.236
259.636
291.46
239.802
209.745
212.612
211.705
221.49
200.881
537.464
238.048
263.078
253.998
367.732
425.084
297.935
210.761
219.144
211.265
213.769
207.326
205.881
229.382
227.572
272.951
245.819
334.821
212.969
245.175
238.206
267.2
258.079
341.217
283.651
275.509
260.992
331.252
273.81
260.473
360
331.801
260.973
243.403
214.264
246.564
305.226
247.574
241.249
213.883
358.463
200.769
264.571
284.345
257.002
223.41
275.841
298.069
340.498
581.055
200.886
220.347
307.008
601.649
250.016
231.944
215.52
272.362
430.486
212.33
387.602
268.214
226.148
295.85
273.306
427.133
404.867
255.967
211.726
225.104
206.628
262.282
260.196
226.374
207.159
222.495
341.192
324.563
230.189
365.792
227.772
313.642
230.204
322.51
351.336
325.595
244.947
247.121
256.759
298.28
228.491
224.606
486.264
215.393
254.35
243.434
206.56
343.109
227.855
208.243
252.535
238.113
646.371
251.899
397.688
272.577
246.144
296.086
509.213
333.756
203.887
570.761
267.963
270.281
264.741
210.362
218.28
267.698
291.621
512.437
238.443
219.461
238.086
264.239
201.591
227.165
224.009
266.004
231.363
316.16
351.52
288.338
228.727
200.749
360.624
233.017
204.529
491.349
460.556
460.888
245.734
213.668
271.776
201.936
207.56
204.898
223.161
257.564
209.316
220.531
294.262
244.726
351.245
307.534
318.079
260.91
294.668
290.758
202.924
200.432
253.511
210.87
214.958
279.65
245.173
226.221
366.4
225.537
213.408
203.086
203.887
417.158
372.909
363.297
232.037
229.299
226.181
324.675
318.839
218.596
222.461
203.431
210.371
280.107
269.186
273.353
211.457
201.025
333.886
202.973
210.673
255.633
899.413
271.505
249.816
393.388
275.757
231.698
405.719
303.967
237.485
334.081
214.751
226.212
250.352
230.567
237.561
300.716
214.865
204.939
254.925
233.681
246.702
321.501
210.855
283.343
222.218
201.762
728.805
237.287
230.517
396.461
268.244
293.818
339.947
221.587
602.925
225.244
255.188
314.695
222.724
216.169
297.451
241.895
239.056
202.472
277.714
309.829
225.657
333
216.756
227.198
238.325
385.524
290.522
221.346
205.302
249.411
207.181
241.959
286.218
444.045
204.228
341.846
433.055
343.917
212.659
205.723
229.052
302.742
250.412
244.941
238.717
315.414
429.192
429.621
240.352
275.819
292.611
246.575
235.364
231.056
200.052
225.761
238.168
248.934
444.861
233.718
259.124
219.196
665.788
562.034
841.537
372.263
213.661
295.768
245.108
208.231
218.836
227.875
306.443
204.436
211.126
250.172
285.303
254.582
343.535
330.12
212.299
215.281
208.797
314.188
225.976
221.181
200.489
223.625
221.493
277.964
238.523
292
300.083
259.604
229.536
427.868
219.909
388.507
265.503
372.019
607.616
230.671
256.189
218.854
235.922
203.335
607.933
1419.84
261.364
275.822
398.437
266.721
253.006
234.828
216.127
384.37
297.242
230.057
206.971
230.978
215.425
204.355
227.728
379.152
820.212
209.864
391.242
241.39
272.051
273.34
277.636
501.718
202.448
231.045
209.158
204.358
215.622
285.188
323.125
380.682
220.379
655.005
279.839
401.219
276.147
236.696
322.261
219.278
236.894
247.796
309.233
229.133
363.218
240.875
278.476
209.301
265.042
223.56
256.893
206.068
201.333
383.099
216.016
209.117
271.512
213.357
209.067
358.55
202.692
300.32
344.093
221.941
224.815
1630.7
214.947
240.16
290.947
238.688
624.804
222.374
240.689
203.081
217.444
217.297
208.324
213.668
208.101
254.774
438.994
222.717
243.963
203.162
201.07
318.173
207.99
288.172
243.173
215.177
203.607
313.204
316.656
343.526
469.281
293.721
422.575
205.968
207.921
453.186
249.409
240.433
296.961
220.703
246.723
223.877
235.93
254.933
496.926
253.537
266.107
209.581
223.743
200.928
292.378
266.19
335.021
253.902
226.502
213.998
201.08
257.15
216.956
680.83
273.675
301.246
236.387
247.837
338.09
1029.14
266.64
314.202
297.133
260.53
224.294
237.855
214.093
216.28
523.871
361.988
251.004
209.693
281.739
686.248
408.541
200.674
230.374
353.75
240.479
234.647
270.464
204.548
402.927
254.13
223.868
294.141
263.706
219.829
213.408
202.391
258.616
209.27
286.129
237.573
325.974
447.6
281.902
969.583
256.377
224.21
208.703
372.06
329.545
309.651
548.76
370.394
208.725
209.612
206.94
378.959
249.672
200.117
362.108
380.346
327.107
253.772
206.86
337.55
276.042
222.167
201.298
320.072
238.39
208.485
214.923
230.978
237.716
361.468
241.317
279.086
271.496
216.719
201.512
318.655
204.968
222.313
220.027
202.443
214.537
261.968
202.341
278.516
245.66
364.124
224.695
695.142
246.416
239.245
207.046
220.898
226.533
201.797
201.965
236.161
200.589
203.002
358.698
242.19
464.735
251.326
246.587
226.753
227.537
287.684
233.921
339.289
222.549
251.229
294.511
221.499
307.083
214.287
255.64
296.226
227.664
269.861
222.308
491.26
209.979
411.157
305.55
205.463
250.936
304.633
250.45
250.557
278.717
244.055
312.519
213.289
232.579
205.553
290.658
219.993
268.981
358.542
202.672
209.167
347.767
318.638
331.506
231.957
349.195
227.181
627.25
259.384
267.122
223.748
239.428
579.218
223.926
231.715
202.647
238.927
214.572
381.86
322.059
221.808
276.751
202.546
207.43
201.199
294.953
203.239
228.768
214.252
323.415
264.513
543.054
212.361
203.175
205.764
386.434
239.466
224.631
208.168
269.035
216.64
226.48
429.89
208.552
273.891
234.943
218.215
268.401
212.572
262.011
538.981
903.163
322.228
206.853
439.89
223.195
200.405
295.743
200.155
446.877
271.317
200.836
598.313
234.751
208.533
317.689
980.235
205.716
279.038
209.014
397.59
224.089
217.435
260.714
206.247
295.995
239.529
207.357
337.227
245.32
203.949
229.839
430.371
206.274
276.55
223.063
1127.34
242.79
201.926
264.775
298.107
215.555
568.9
208.823
222.639
229.107
238.544
250.072
213.242
208.969
200.092
294.875
209.547
681.525
289.671
224.902
276.451
281.34
313.329
461.739
252.539
250.222
226.601
224.818
275.025
382.033
230.909
322.382
320.484
275.289
231.815
246.694
329.938
754.09
472.886
274.195
214.135
355.452
919.551
295.44
231.812
278.194
264.053
305.408
302.548
239.52
214.9
259.249
240.485
211.861
214.481
236.4
228.639
336.217
286.033
211.601
222.038
228.029
200.863
266.931
249.77
222.407
217.117
260.398
222.419
361.32
229.896
583.875
1035.78
373.913
220.191
213.673
230.415
214.67
207.174
295.86
291.379
333.486
263.454
772.625
216.194
218.241
220.529
319.695
437.156
377.709
206.068
203.958
216.73
249.95
215.583
288.868
289.926
210.545
245.915
226.923
206.446
558.413
287.79
204.306
266.73
211.896
284.624
395.101
230.469
850.076
203.539
282.237
217.041
373.826
268.723
304.619
304.141
261.748
260.152
258.372
226.905
201.38
395.347
334.082
212.497
299.713
200.005
267.137
257.666
230.489
243.446
259.451
217.986
335.841
202.82
297.325
275.549
306.08
277.861
727.252
252.242
207.439
255.736
1080.87
400.056
244.489
226.588
278.498
245.622
232.611
336.412
386.473
273.168
260.446
229.275
202.85
202.647
219.228
251.251
256.813
234.214
693.978
200.913
213.038
201.953
444.018
249.562
392.458
243.206
270.507
206.371
248.604
237.607
213.028
241.021
206.756
265.603
230.534
219.449
252.03
234.917
311.026
206.57
230.812
340.293
427.074
255.947
235.584
215.541
232.108
265.296
217.998
221.991
244.24
225.539
222.185
211.452
221.689
291.812
212.864
609.589
203.369
215.093
265.153
253.482
218.39
224.009
355.338
201.504
599.606
276.177
256.369
347.681
203.133
275.608
963.246
233.619
245.408
511.193
538.93
400.473
397.12
448.019
273.894
260.854
204.113
211.719
236.449
214.399
213.092
229.689
289.563
300.744
211.575
210.675
413.462
379.884
300.118
295.444
209.012
235.304
206.058
287.157
204.773
897.48
218.103
257.736
211.705
335.085
249.666
296.079
212.137
280.045
343.446
207.147
1096.37
229.375
252.873
200.242
294.406
248.699
267.402
204.372
463.289
254.973
213.766
304.151
271.358
206.744
234.704
391.574
206.841
233.581
204.851
251.173
342.53
336.126
462.632
210.376
538.268
626.923
744.102
226.336
327.924
365.941
255.063
211.192
222.207
511.341
204.191
364.867
226.206
299.933
206.545
243.9
245.569
231.385
236.055
221.163
621.435
414.67
285.764
242.561
310.871
205.331
203.45
274.614
204.194
331.427
211.974
391.649
205.614
333.59
410.939
202.791
253.154
258.478
342.354
2181.93
248.298
235.962
315.522
270.518
247.712
259.498
250.805
385.152
270.947
278.067
236.013
278.817
279.594
358.554
229.554
232.787
206.616
876.268
206.487
236.584
424.526
379.997
231.782
261.394
347.161
275.944
288.439
216.679
298.597
244.683
346.667
298.54
236.358
359.212
334.085
256.72
293.869
204.905
249.062
481.078
201.599
215.65
308.985
219.306
287.493
247.497
327.275
417.223
646.204
201.683
536.896
300.468
307.73
363.09
289.853
328.933
297.345
261.088
404.595
255.458
291.508
326.434
287.082
241.212
326.611
255.043
237.259
247.921
322.011
233.641
203.219
225.335
272.037
251.599
476.076
243.555
301.907
200.215
244.094
226.294
246.006
257.632
383.086
695.273
313.088
409.484
395.211
214.826
213.787
200.639
240.927
237.247
237.933
239.472
214.026
307.213
288.969
222.461
290.195
263.367
513.719
237.23
289.119
212.45
227.381
260.906
364.443
400.95
433.188
228.094
253.921
247.572
344.418
279.095
246.25
250.176
299.625
364.568
200.277
511.046
365.888
293.956
243.158
246.85
319.132
236.349
262.45
239.775
385.977
240.445
217.426
315.482
207.531
247.386
214.856
620.771
861.564
312.13
318.782
203.281
252.711
212.852
316.172
238.472
210.062
201.792
526.018
201.378
213.417
388.698
250.795
231.474
270.239
240.9
251.356
227.42
219.107
204.697
235.953
250.801
311.532
203.963
233.405
216.594
231.333
299.077
318.231
381.873
497.521
209.077
339.609
218.147
483.113
234.293
275.264
252.462
210.701
206.676
272.861
226.958
208.607
343.182
469.642
702.669
323.286
356.324
405.771
288.441
208.586
516.716
211.582
364.242
350.912
287.828
216.486
204.563
233.36
332.095
248.487
354.113
213.902
272.899
253.799
262.654
245.157
253.815
223.276
277.346
210.514
247.495
261.063
312.538
229.732
225.934
310.06
228.281
641.242
212.596
602.525
253.831
201.03
381.159
228.926
220.125
334.643
201.542
396.194
223.435
248.347
346.019
330.226
338.864
223.428
246.793
237.051
202.089
344.822
216.799
236.835
315.417
236.432
254.163
263.448
255.035
232.108
268.459
215.928
220.803
443.027
439.802
274.72
235.113
200.442
435.247
559.836
207.639
274.949
250.589
237.135
209.94
421.659
250.092
231.409
206.79
346.774
233.953
273.536
203.922
307.412
264.396
201.224
216.919
213.764
236.078
380.909
203.968
238.87
205.682
235.068
292.834
256.988
250.014
529.88
267.09
217.594
227.165
270.357
746.311
332.351
282.494
202.867
222.097
211.152
292.233
247.342
260.273
200.826
209.943
327.649
515.008
285.263
428.928
212.104
269.206
250.821
440.057
247.342
206.833
237.533
218.408
226.837
207.836
286.606
214.397
271.906
223.951
309.189
244.743
246.039
240.765
200.519
240.133
231.279
422.204
271.855
202.195
258.143
298.536
205.146
252.075
251.595
927.642
216.072
299.403
393.437
212.998
201.204
284.322
201.301
274.767
286.065
249.261
383.945
279.041
293.128
292.411
250.008
358.576
233.232
354.339
224.626
290.883
227.719
256.209
229.867
201.196
391.46
222.414
393.484
285.907
246.935
393.997
270.159
221.863
393.509
270.561
221.353
215.465
252.006
279.809
510.343
201.273
550.79
232.611
214.928
220.25
204.088
376.059
205.044
291.489
203.133
250.793
257.752
225.608
230.219
200.145
207.121
262.431
955.484
226.758
430.551
215.079
236.428
221.939
201.035
231.635
255.627
447.591
276.792
220.751
201.668
267.322
248.129
207.719
217.138
247.917
261.822
223.428
217.085
393.221
421.328
343.188
374.9
249.118
220.161
268.272
211.707
282.523
321.635
228.499
202.911
333.78
233.347
273.243
351.288
203.612
429.219
349.906
202.069
205.966
211.071
237.96
343.136
225.951
200.065
315.036
437.437
264.097
243.214
230.523
216.896
206.688
311.225
278.025
294.859
308.892
415.841
242.979
246.071
262.604
215.567
323.898
207.966
761.691
287.753
267.464
285.585
228.766
201.219
560.844
209.112
251.978
248.028
209.189
259.012
360.437
483.505
228.786
338.956
366.208
509.983
225.969
202.635
323.357
206.121
310.723
208
227.517
477.58
252.711
280.162
216.982
332.053
246.343
205.893
201.943
316.676
220.567
211.258
253.563
202.408
200.397
414.911
799.982
203.85
236.117
210.324
538.695
273.85
229.658
204.287
750.901
214.395
257.189
288.701
281.556
218.016
201.539
257.527
219.018
233.662
217.101
221.02
238.514
231.273
218.765
313.026
237.88
354.958
304.069
200.978
208.72
349.823
273.218
564.463
263.169
684.426
263.154
209.75
234.09
201.137
202.803
225.816
279.088
278.103
227.811
303.674
202.828
212.353
215.253
346.779
290.443
350.883
256.462
250.17
236.93
270.176
207.697
213.021
374.333
240.181
237.124
232.121
211.542
366.326
244.992
247.677
245.638
294.476
314.506
204.23
200.684
226.018
284.896
503.665
273.366
206.582
247.701
209.969
201.109
277.386
263.854
220.13
220.018
392.617
302.751
276.973
202.746
231.353
207.719
226.265
226.561
246.29
333.069
229.092
237.43
292.923
273.103
216.002
226.097
255.494
236.989
248.894
218.655
265.665
250.466
440.065
261.503
236.028
244.634
209.39
228.414
211.825
308.717
209.721
210.701
374.649
203.514
218.417
214.602
234.642
205.063
204.551
208.902
253.513
425.946
260.234
230.968
242.85
203.022
211.665
211.61
313.192
201.789
212.466
320.236
358.346
212.012
240.911
257.952
230.304
277.863
259.64
202.643
204.763
210.768
324.083
258.167
485.474
256.538
222.596
250.148
651.187
279.301
215.047
202.045
240.616
266.008
200.415
353.582
215.225
215.095
258.552
282.908
295.545
425.533
375.997
275.739
286.974
259.99
213.991
227.28
253.385
201.842
652.969
275.875
205.526
224.301
260.386
562.956
271.085
219.513
316.165
238.615
282.958
207.401
226.98
258.907
232.461
251.106
220.388
404.858
331.119
276.622
225.402
226.793
204.656
492.403
201.814
202
262.661
251.913
614.172
215.009
234.632
217.743
209.993
388.774
297.192
210.682
482.747
201.477
258.122
200.886
202.832
201.653
237.68
403.341
218.541
227.649
376.49
274.935
2222.93
213.143
247.861
210.392
274.292
353.484
352.922
310.72
224.071
239.433
350.716
242.891
331.358
338.808
218.842
219.233
229.227
209.16
218.801
303.646
217.766
235.57
345.534
207.589
259.836
270.961
504.76
228.591
213.733
350.44
408.682
294.163
239.151
203.865
203.519
704.663
308.963
206.669
451.114
284.16
212.391
453.774
354.309
226.009
280.562
247.259
257.649
302.967
230.209
466.034
834.535
259.405
1378.11
205.158
204.595
245.177
295.303
790.727
219.786
382.649
213.907
224.571
288.844
209.747
270.573
222.101
270.148
226.729
345.734
254.543
239.289
327.887
207.562
268.803
227.084
438.724
205.124
294.413
206.187
224.553
209.268
202.512
212.464
204.771
346.42
213.267
256.731
254.494
227.183
269.199
224.562
211.007
246.203
258.994
320.048
243.649
430.843
316.421
549.141
485.788
210.696
210.102
274.854
547.833
301.374
371.626
277.114
217.635
308.483
200.435
246.372
228.423
348.788
214.928
271.941
235.657
478.13
334.1
216.368
216.592
231.83
252.305
255.75
280.473
275.323
536.531
561.816
227.068
221.199
319.172
220.878
346.837
290.974
479.833
431.169
207.8
414.531
342.815
222.218
221.208
239.792
354.519
287.141
204.646
359.885
253.596
217.548
235.449
206.833
211.785
316.844
238.46
206.097
205.837
216.134
670.113
209.48
213.084
227.673
224.949
873.503
208.602
237.832
230.519
204.504
1011.4
239.789
206.986
201.07
207.29
311.204
241.584
267.127
252.911
238.434
411.847
211.825
316.585
349.457
222.178
470.19
345.01
361.733
236.586
206.768
268.565
204.922
229.8
318.839
266.28
507.789
255.836
252.387
256.525
223.781
526.961
212.937
417.866
235.145
384.788
239.257
244.195
214.25
225.719
375.863
223.578
286.484
282.832
202.719
253.434
229.14
246.193
202.726
369.375
305.416
201.695
274.321
611.372
244.057
257.769
217.43
233.57
231.054
239.581
201.918
238.722
220.697
241.642
423.393
219.224
344.523
217.134
297.143
239.85
211.665
201.094
277.184
260.015
215.026
352.675
240.83
230.499
988.978
270
209.514
221.766
258.296
202.099
212.158
237.097
266.576
346.694
227.592
212.462
209.33
257.272
213.242
218.371
272.626
391.36
250.398
288.179
617.999
547.373
438.452
256.076
435.111
393.633
208.05
241.147
204.756
237.586
311.647
326.225
204.025
403.043
423.932
310.512
421.58
636.83
637.513
201.169
204.284
289.458
230.855
206.18
306.377
214.215
213.649
335.532
230.363
233.071
309.719
514.37
213.096
202.598
366.959
211.521
213.246
222.108
202.317
328.443
313.051
220.125
219.941
232.783
545.261
273.156
341.161
202.504
364.431
304.685
671.834
221.615
349.381
245.675
253.154
302.166
299.341
221.4
316.046
241.413
276.022
225.978
475.562
220.123
285.405
342.504
309.555
578.74
632.783
232.125
240.996
256.644
200.644
372.779
293.862
268.39
200.157
255.922
360.229
226.819
236.804
206.589
269.793
206.761
211.298
261.687
207.581
238.351
433.254
346.886
200.721
236.622
405.916
246.333
244.914
282.239
219.973
210.428
309.049
408.598
281.441
202.647
215.868
223.958
365.093
221.547
235.478
202.193
234.068
342.969
212.563
255.74
207.212
223.678
279.896
248.506
276.014
218.369
235.623
262.867
398.088
608.46
287.021
265.859
203.926
247.105
236.055
217.64
217.683
297.973
201.757
374.577
203.521
215.27
461.292
219.071
227.893
342.304
211.204
241.535
220.642
200.965
222.266
304.936
440.88
368.007
238.277
274.909
273.459
228.996
200.96
216.901
205.387
223.614
287.073
243.711
492.093
212.002
237.539
275.173
250.366
295.611
261.981
377.286
247.089
262.817
339.214
303.509
207.928
243.532
705.391
324.805
256.394
270.688
306.73
206.952
311.671
260.434
274.936
243.684
215.562
372.599
256.277
213.382
247.657
216.303
262.319
365.337
547.714
310.219
284.528
365.731
217.412
219.237
236.785
202.235
241.423
214.956
210.632
230.859
325.057
462.661
227.405
228.847
335.036
214.047
241.035
299.747
209.23
261.66
328.764
206.032
262.349
257.857
201.819
397.165
265.141
417.234
209.456
210.162
223.502
254.409
273.956
958.434
212.934
353.912
242.328
200.222
423.87
223.622
258.38
298.868
200.275
664.7
226.343
228.694
284.612
200.95
224.301
448.541
244.137
240.956
411.642
200.544
207.519
212.203
205.1
373.555
278.052
206.269
213.506
214.29
209.833
262.216
215.768
264.777
308.378
227.328
273.651
209.483
200.142
275.227
276.774
216.266
223.448
290.066
217.807
266.888
203.639
201.551
264.685
217.589
205.207
309.076
222.104
317.114
213.272
527.519
347.294
442.719
259.039
211.253
339.203
212.977
228.626
302.002
227.436
203.607
234.271
1085.35
286.468
234.732
461.742
268.505
308.328
200.447
227.013
390.913
248.373
232.843
219.527
219.087
372.453
202.63
200.147
261.234
328.375
422.165
285.414
242.299
205.772
214.145
232.794
206.729
266.824
312.26
208.928
211.608
230.874
201.827
428.385
209.578
409.105
372.091
200.474
221.736
214.016
223.155
235.308
280.262
247.026
242.462
219.759
249.407
254.71
282.535
407.233
225.153
207.326
277.68
213.677
856.068
249.598
377.416
250.488
352.972
301.475
208.118
205.757
255.133
239.817
237.796
249.502
211.807
445.63
213.57
228.856
251.322
469.801
266.004
213.354
249.674
270.024
201.965
210.49
232
212.146
216.696
227.963
218.975
237.428
219.429
206.64
229.898
442.011
325.414
229.663
200.295
237.666
235.989
220.866
230.588
234.006
412.195
275.603
203.607
212.485
317.789
320.599
228.158
242.687
250.595
323.308
213.967
297.777
238.166
322.134
418.857
269.498
370.652
346.729
281.697
221.246
200.385
275.509
208.336
202.933
276.083
228.733
260.572
200.666
226.13
296.476
624
410.668
234.235
394.686
255.165
234.595
248.851
220.903
292.19
217.242
266.064
261.517
274.186
359.489
354.634
223.341
379.664
561.384
206.24
237.588
341.122
236.275
292.821
209.719
261.822
242.436
312.293
278.029
337.56
355.296
219.88
220.077
333.747
205.823
230.011
306.221
486.432
244.36
485.806
261.547
487.254
222.874
208.415
200.796
267.694
259.301
201.363
210.233
363.501
399.78
322.306
218.909
228.681
206.528
401.295
428.938
370.767
255.464
381.982
206.865
259.453
255.441
201.819
215.228
248.415
213.991
668.951
225.834
205.502
201.134
250.496
393.121
227.888
447.686
219.529
200.477
204.524
219.251
225.227
225.604
252.97
373.947
214.805
274.237
312.612
260.954
209.843
227.2
238.91
228.064
265.902
281.437
208.715
212.304
578.386
214.67
654.605
232.639
201.78
808.802
217.989
216.469
200.587
288.754
450.747
243.557
241.396
221.129
263.3
358.416
301.01
221.314
208.226
246.836
733.469
1070.59
256.145
326.395
227.893
312.392
202.539
297.706
222.322
274.481
227.097
271.391
344.062
275.06
330.039
200.135
267.432
212.052
240.666
204.746
626.189
486.589
232.873
337.978
220.05
288.926
212.151
239.852
218.602
247.305
203.372
347.174
236.736
346.888
202.709
219.139
228.088
215.258
209.366
239.514
234.293
300.626
208.799
596.081
224.68
231.177
223.217
857.078
360.11
240.819
276.977
320.868
215.472
275.298
242.856
205.599
244.665
213.588
212.297
205.706
398.717
222.594
275.256
440.524
219.36
271.496
270.257
219.959
229.637
275.942
227.629
401.866
268.526
294.493
218.312
541.427
529.813
202.546
1076.12
267.38
234.921
279.125
215.866
296.179
235.157
215.458
203.637
352.82
255.76
225.728
415.458
440.934
332.715
338.782
240.836
289.036
484.203
236.169
205.38
240.591
278.386
203.534
200.402
350.648
482.659
400.541
687.878
212.551
248.167
266.736
207.774
250.934
342.859
286.004
297.417
233.728
306.984
303.081
343.354
340.031
425.63
244.229
268.351
218.481
222.054
216.118
244.203
489.087
342.996
205.139
210.863
612.032
205.701
241.037
385.077
224.479
206.642
351.211
331.012
301.302
239.372
214.499
210.048
212.243
397.701
236.683
277.914
249.694
201.365
214.898
302.063
448.076
332.369
314.178
213.726
540.986
205.368
422.864
261.973
288.411
217.145
224.274
281.313
254.444
207.138
224.629
214.184
252.66
256.39
245.226
206.507
423.002
227.587
458.244
201.844
223.859
250.384
344.639
201.745
233.199
269.687
285.281
341.396
240.875
368.201
223.016
297.735
211.315
541.372
240.755
204.34
219.347
228.952
243.684
215.467
202.783
210.262
422.513
250.096
390.246
255.043
349.836
254.454
265.415
230.278
200.998
201.489
249.506
280.507
205.151
240.765
208.413
318.605
230.3
295.305
562.98
203.679
255.779
234.902
213.347
242.516
380.988
560.35
290.093
757.773
227.974
299.434
372.768
218.344
251.867
206.589
239.885
293.363
229.634
201.641
213.546
273.32
216.118
239.019
210.991
242.874
210.791
258.461
237.078
259.773
260.21
1272.08
272.679
251.575
339.075
226.387
359.466
350.246
247.192
238.048
201.539
203.541
323.39
202.916
422.935
220.762
230.697
356.674
296.803
239.502
219.995
277.013
309.663
219.554
317.058
223.913
278.771
208.007
218.094
211.014
206.637
254.988
327.381
236.284
209.631
242.543
205.112
278.476
282.5
234.719
229.063
224.098
280.132
201.007
304.834
356.399
221.633
250.406
213.558
439.014
213.532
235.845
269.208
245.66
207.901
231.017
237.455
214.884
296.073
220.543
204.898
240.815
271.781
212.431
250.533
256.367
211.509
233.602
289.617
586.807
204.36
793.599
218.206
318.856
313.431
253.018
206.857
249.435
203.521
243.779
335.252
232.521
236.044
230.447
270.394
230.731
487.055
221.495
214.774
212.671
203.713
212.546
416.879
326.875
320.681
1000.5
266.039
242.2
287.242
262.008
214.707
242.722
232.951
241.346
236.808
202.203
283.736
255.517
337.497
202.529
212.897
943.358
215.193
421.625
630.459
309.555
237.198
333.694
402.983
215.077
300.023
262.156
225.911
219.743
251.919
302.3
210.794
330.108
353.133
238.673
252.079
215.328
205.976
502.165
394.29
271.57
461.651
209.108
236.829
229.277
215.569
263.907
206.553
274.279
228.447
217.405
214.907
316.417
470.562
231.452
404.573
207.887
412.058
200.701
206.116
201.889
291.304
313.629
205.317
316.746
377.835
375.838
219.162
331.76
231.994
222.313
293.104
229.028
270.298
331.791
317.589
328.232
230.265
205.983
314.062
219.905
253.198
238.967
245.247
404.151
200.928
314.358
254.503
220.973
244.418
209.769
256.938
204.433
677.639
273.951
264.089
224.551
507.053
216.187
252.616
413.462
403.762
202.329
285.638
279.492
221.246
325.739
239.042
201.561
208.243
257.822
212.645
271.892
226.985
267.305
229.321
232.957
210.264
292.173
224.96
475.244
235.44
207.877
210.309
207.285
241.402
232.032
285.442
258.451
223.967
244.336
202.299
247.55
227.662
334.251
324.228
207.077
217.161
263.399
498.827
272.153
249.359
232.798
295.127
276.642
239.996
214.7
255.09
361.332
249.052
235.079
214.87
256.537
266.867
201.44
217.009
354.23
204.252
211.778
208.531
230.358
267.279
487.768
200.559
306.537
422.522
339.436
268.091
230.13
246.587
257.93
217.382
201.442
201.268
226.55
202.069
237.025
363.385
205.263
202.025
292.607
226.424
298.985
390.073
228.766
576.86
203.421
260.778
361.628
291.065
212.643
247.695
202.993
261.817
232.527
246.587
245.772
201.35
211.454
229.456
219.463
451.495
335.65
352.424
394.492
256.209
391.229
210.071
213.371
208.048
225.993
202.457
202.835
537.904
211.272
212.422
301.208
223.728
244.89
387.936
201.251
239.977
241.723
265.309
227.901
301.526
240.979
217.94
229.602
262.221
286.609
238.447
200.876
316.427
274.9
212.179
278.482
203.03
334.193
243.103
409.763
236.533
238.183
248.59
227.945
201
222.966
301.591
249.82
208.713
262.004
240.958
260.323
231.212
278.065
245.459
202.257
237.131
354.1
201.124
568.192
202.791
329.125
208.847
335.976
231.4
204.683
323.32
214.336
281.482
226.938
326.53
259.347
200.915
338.303
236.546
265.597
253.16
431.716
446.598
1112.23
213.427
241.185
202.183
219.269
357.99
216.947
216.594
263.021
229.806
312.965
235.96
336.318
204.384
201.231
208.094
229.257
228.064
288.418
276.308
226.771
217.683
205.653
206.102
290.759
244.344
352.332
210.133
274.317
296.651
744.118
244.266
205.107
250.256
247.72
208.866
239.401
212.419
214.718
210.473
376.279
456.206
236.59
236.222
204.485
588.884
297.444
274.275
271.321
204.051
250.623
206.002
373.599
225.872
420.888
206.359
255.928
283.581
339.778
415.957
214.364
214.304
349.707
263.934
582.943
386.668
263.162
297.983
216.035
212.474
212.163
393.839
225.309
200.604
200.255
210.428
330.843
239.996
200.227
459.063
216.483
233.454
211.242
229.281
418.056
338.355
222.374
227.991
345.508
237.617
296.901
202.995
345.23
282.004
439.089
349.93
219.192
213.743
209.359
212.742
423.686
297.691
231.333
1247.82
209.251
210.927
359.543
263.592
232.196
292.939
206.773
366.755
548.185
255.556
307.794
227.945
374.481
213.687
615.328
208.986
219.244
247.837
645.498
255.361
492.062
232.805
208.945
201.336
205.158
354.79
210.492
705.38
521.943
200.415
279.082
333.741
243.617
324.569
262.876
221.524
239.787
475.721
208.811
614.584
285.682
226.164
264.002
436.606
266.381
314.535
261.226
308.058
326.604
1037.37
287.399
232.469
202.85
306.703
308.015
315.75
588.523
419.749
247.748
307.68
291.067
238.443
397.166
262.116
451.534
259.992
247.641
217.612
239.867
212.259
398.446
246.037
377.095
219.34
281.808
407.817
211.348
232.575
349.044
286.855
214.107
219.313
204.985
206.369
252.794
580.183
422.461
232.469
232.437
367.026
422.908
201.45
238.088
255.069
1307.89
241
402.897
213.31
360.613
220.277
253.279
270.324
228.565
214.194
232.845
220.091
208.391
248.743
252.581
379.785
313.026
209.091
239.134
526.955
217.127
269.431
594.828
373.529
304.592
209.37
227.051
294.321
227.339
303.964
225.062
268.358
264.537
210.012
228.064
249.876
209.94
216.693
587.681
200.968
303.183
204.626
282.887
209.234
251.01
363.556
210.276
526.789
203.286
265.765
516.373
422.069
327.715
286.295
407.773
369.593
258.014
339.638
247.982
215.944
327.854
227.447
289.798
277.123
201.745
226.48
244.826
206.453
212.556
270.555
272.459
241.957
228.559
360.579
266.511
220.391
395.315
205.988
453.367
279.383
408.835
271.433
286.234
207.601
266.891
219.306
250.384
229.079
240.979
243.218
225.189
384.66
695.92
319.462
269.752
282.586
210.102
460.617
201.512
372.645
250.234
351.487
289.897
200.659
282.446
272.815
271.037
271.836
660.351
314.328
274.379
217.858
203.723
628.023
232.538
616.275
522.172
211.662
229.541
236.292
209.22
268.589
377.681
251.321
409.415
300.513
230.898
202.64
205.711
222.043
279.955
222.072
315.742
266.222
256.057
584.009
234.401
223.318
212.443
206.768
246.26
240.66
215.462
282.184
223.002
258.666
221.131
232.88
331.729
372.184
253.791
212.892
227.475
253.626
237.386
866.699
212.887
232.785
343.032
222.484
206.976
366.587
232.06
467.441
399.787
290.954
385.145
266.693
234.088
202.643
206.935
218.245
216.64
320.451
223.363
590.094
213.755
231.147
218.06
200.577
228.993
343.962
679.278
206.596
247.293
782.998
232.411
246.368
280.986
213.499
260.718
202.657
232.121
469.991
220.685
206.436
213.399
237.169
249.227
226.872
212.96
318.962
251.362
220.227
491.341
253.138
234.48
267.064
213.185
392.391
264.36
230.356
302.556
226.018
663.671
234.994
258.521
272.903
546.201
215.1
435.361
229.345
216.968
275.79
257.742
204.617
411.694
360.706
228.963
274.618
498.44
278.029
320.011
240.601
253.592
262.086
231.994
212.897
224
209.607
249.574
226.597
232.073
310.595
233.034
233.056
259.363
215.03
236.926
208.101
322.056
301.181
214.156
237.546
206.429
385.987
218.877
405.482
264.792
258.229
244.812
223.647
223.531
252.385
402.676
443.627
215.715
220.093
433.889
223.531
241.12
229.43
261.031
240.689
287.308
213.663
709.888
200.008
240.684
211.53
211.707
209.048
261.694
204.968
295.383
250.751
289.311
347.658
209.456
241.241
259.183
295.408
274.305
218.117
319.631
443.989
386.329
275.407
234.376
286.845
369.676
228.3
262.707
218.211
287.185
312.835
216.398
247.348
271.588
343.804
223.841
274.046
202.786
452.094
261.84
638.087
306.374
251.486
295.285
224.479
242.192
224.778
374.442
253.6
240.381
228.445
310.961
554.612
343.769
243.98
763.55
443.626
201.995
367.71
284.998
219.379
230.46
267.009
903.594
337.92
208.878
240.585
398.267
316.684
216.733
362.832
1036.2
234.96
250.577
205.419
280.066
436.15
234.911
209.662
249.576
265.724
331.76
242.736
212.262
490.376
221.583
387.912
299.481
291.108
279.602
235.591
209.433
206.734
236.205
220.313
200.287
431.244
338.058
215.757
384.744
547.375
306.813
278.442
223.575
297.676
218.259
208.581
279.798
261.151
1029.35
221.219
215.958
436.916
206.393
208.902
356.488
224.335
204.225
208.065
216.889
311.178
215.889
272.476
780.684
219.986
216.363
325.138
204.238
1595.78
279.399
218.733
430.085
300.822
235.091
284.874
226.115
261.362
237.838
258.838
208.387
303.107
372.898
239.865
279.082
207.251
216.61
200.242
443.121
231.884
379.459
223.493
334.583
224.669
256.283
349.047
741.76
282.482
294.688
200.145
1234.79
324.538
248.044
202.129
336.758
337.408
304.036
215.17
216.442
321.719
326.273
268.22
216.111
210.924
206.516
420.188
209.356
251.225
217.267
234.491
705.865
346.562
211.223
267.965
228.534
318.005
203.435
265.126
209.769
332.111
264.528
200.853
260.063
219.155
210.45
252.868
590.6
374.967
225.98
246.791
201.002
527.183
204.663
206.533
217.136
229.909
243.035
209.492
263.985
293.946
236.354
208.18
925.618
310.319
294.785
231.603
230.356
241.692
200.861
396.706
244.369
241.433
217.138
205.31
209.282
219.591
219.757
451.342
261.457
296.007
253.754
642.648
206.691
263.171
202.448
220.25
203.374
222.567
245.565
205.985
414.451
226.727
216.28
298.873
244.491
208.998
232.506
229.608
221.565
527.536
389.239
202.262
315.921
271.048
317.162
210.585
374.808
360.171
223.504
347.531
296.572
203.113
218.998
1238.97
208.099
371.531
241.365
317.646
273.794
482.849
362.758
469.216
204.675
213.986
213.682
206.451
261.918
289.083
272.406
236.943
254.246
275.583
323.442
229.421
285.983
248.584
267.671
250.45
241.423
202.544
220.293
809.578
1043.77
254.7
255.361
238.26
205.424
221.335
233.529
414.32
292.688
217.196
315.466
304.215
225.222
272.677
210.188
242.804
260.751
294.275
675.636
220.479
419.826
213.895
222.856
281.089
315.366
206.146
211.436
275.356
553.132
217.025
224.181
208.871
378.364
255.192
232.078
218.151
243.179
359.657
206.616
223.853
223.779
259.162
247.917
277.937
291.223
313.089
665.715
276.996
224.43
226.332
324.877
200.988
226.55
377.244
468.144
217.212
258.538
237.143
258.498
526.221
335.421
253.336
204.282
320.83
225.528
200.699
694.359
246.382
212.396
280.907
207.121
214.301
203.826
948.278
200.005
223.915
216.758
242.493
302.645
200.696
344.182
203.998
275.527
228.6
225.872
330.224
231.521
291.412
235.618
310.105
231.558
274.312
219.465
216.338
316.88
248.843
376.238
301.382
204.976
293.694
200.33
276.051
253.002
317.222
306.317
205.893
247.257
242.264
224.321
250.22
258.99
232.59
215.04
392.289
216.155
382.775
200.816
233.195
309.262
249.467
238.313
269.994
490.715
217.216
305.74
260.5
226.248
288.513
204.331
382.264
212.05
224.562
211.197
240.127
208.557
216.19
283.083
215.346
238.122
242.988
223.475
290.759
205.762
369.001
202.257
228.714
261.31
681.691
238.535
240.88
208.883
413.074
248.23
392.014
375.497
254.399
209.7
380.682
265.454
246.181
210.205
579.274
205.426
258.71
232.207
700.872
211.017
204.282
230.226
200.197
215.833
202.391
200.871
218.596
280.048
233.977
238.147
512.565
361.127
260.624
300.078
239.403
240.992
204.634
220.3
408.885
369.498
217.956
278.35
258.892
336.118
218.559
247.489
247.38
225.309
238.481
375.167
302.658
265.759
287.531
741.421
221.601
254.313
224.341
205.439
235.259
281.736
233.21
396.829
243.694
259.931
395.891
556.866
282.478
376.809
212.744
208.526
233.045
221.842
210.364
280.311
201.618
205.195
224.807
234.751
203.914
221.124
294.556
245.014
260.797
383.561
345.867
238.206
512.221
286.714
205.358
548.862
244.493
382.727
268.323
280.287
322.579
229.785
229.105
226.462
214.616
385.645
200.02
219.281
338.041
204.091
256.182
212.064
221.563
295.015
203.231
244.651
370.997
245.707
237.407
232.299
242.561
260.649
210.086
250.454
229.009
201.638
226.537
523.226
477.097
250.988
334.634
273.989
329.286
572.961
225.845
325.501
451.824
247.225
293.3
236.675
265.49
260.885
201.405
265.025
213.385
205.166
330.015
298.521
424.803
211.339
257.744
235.009
294.886
250.793
327.046
567.007
280.991
337.503
225.018
310.031
201.276
249.309
325.281
420.507
248.33
209.033
260.329
245.118
284.371
201.874
203.118
222.971
276.942
213.443
204.951
259.992
283.108
237.729
255.161
306.614
204.905
264.21
202.151
200.072
209.733
208.959
216.435
232.766
354.82
203.973
200.893
896.101
217.12
421.963
229.656
230.749
243.13
217.15
219.92
292.233
318.779
227.873
213.485
241.665
200.612
278.516
210.789
219.408
488.17
411.973
210.369
459.627
243.304
239.942
201.052
203.463
210.718
201.326
207.343
278.817
218.426
253.882
216.714
204.512
289.741
243.008
202.163
221.183
213.516
208.394
204.573
213.638
207.772
222.095
248.165
542.707
215.028
248.954
208.053
232.744
390.96
229.856
365.77
207.403
442.944
250.849
236.554
259.093
287.513
220.993
248.882
213.16
214.395
287.118
226.866
208.171
288.616
270.649
208.612
208.751
202.936
210.031
221.095
323.115
290.861
205.256
214.94
207.663
205.784
225.77
227.39
259.341
263.384
210.915
373.47
332.958
406.396
207.36
316.373
243.617
243.088
430.4
224.546
239.497
228.808
241.874
362.297
363.981
240.664
251.321
299.035
217.83
350.86
206.908
351.073
210.713
218.961
293.636
404.958
281.521
220.527
202.823
839.129
304.785
404.731
211.298
201.186
212.897
355.816
234.404
339.601
216.64
497.371
247.119
222.452
349.369
291.539
205.263
225.08
387.147
255.945
302.017
334.742
270.886
296.887
366.65
1096.94
223.063
223.358
207.95
203.573
219.572
317.309
295.895
213.235
213.551
210.295
313.286
211.253
237.859
302.295
202.684
276.507
418.482
347.695
284.245
228.335
210.566
214.264
201.04
251.45
347.799
229.863
220.1
205.602
351.706
250.611
204.453
307.391
204.529
369.112
201.648
305.704
206.017
374.202
205.881
207.427
268.955
214.436
232.435
311.564
421.529
233.607
260.534
288.522
288.654
526.49
202.057
206.548
204.741
244.769
209.516
213.867
253.608
215.009
258.873
206.044
332.441
218.648
227.879
235.219
315.305
279.573
258.934
242.774
213.16
231.512
274.965
243.195
259.694
508.088
225.218
228.237
234.678
302.046
252.836
