376.088
230.543
219.565
207.188
224.315
263.56
262.004
215.492
207.55
219.939
463.484
213.864
327.2
550.304
215.4
291.599
219.82
212.951
342.324
207.769
208.619
601.443
359.755
267.43
217.516
268.901
202.744
342.583
342.559
283.21
211.211
300.288
676.342
265.189
534.318
218.936
380.352
232.815
251.167
250.675
298.985
266.075
222.778
211.795
200.776
205.295
254.14
298.23
245.235
337.568
286.515
272.099
288.399
200.612
211.913
200.965
291.127
252.792
278.376
300.022
244.258
284.406
207.302
212.41
236.339
291.626
257.62
358.356
232.777
206.836
215.26
219.091
589.832
340.608
303.185
230.747
202.729
204.653
228.751
237.108
278.953
260.292
363.3
471.329
237.086
349.106
235.578
219.886
251.213
211.686
267.938
201.864
209.203
205.266
214.341
307.488
225.743
238.537
364.914
279.821
482.518
225.584
209.771
225.522
787.227
233.354
218.506
430.651
209.464
211.303
310.86
255.208
237.259
266.231
275.543
256.62
272.055
211.979
228.114
202.761
316.68
316.182
232.927
364.623
267.655
259.322
332.357
535.18
293.104
206.826
210.896
209.282
223.745
207.988
244.812
251.076
209.038
264.753
276.576
281.494
423.922
240.996
259.548
242.603
305.416
367.978
272.327
511.641
237.224
200.958
210.305
255.564
225.369
301.897
253.638
261.413
271.481
210.485
216.157
247.01
231.482
222.097
333.907
228.34
200.355
393.631
254.234
391.723
247.184
227.713
258.561
216.051
286.514
250.805
244.965
256.26
257.63
215.884
280.98
219.385
308.571
245.076
204.983
249.978
203.276
294.129
288.709
245.33
257.866
217.761
249.84
241.957
215.46
221.939
228.764
516.887
696.819
223.698
266.805
337.682
218.607
338.537
203.836
262.204
263.439
300.837
220.148
323.582
353.761
692.904
238.334
231.318
224.742
216.419
236.778
203.308
203.549
250.01
208.283
607.555
224.942
337.492
202.652
244.571
421.794
228.171
201.732
223.17
577.682
258.596
230.263
262.217
243.594
236.277
208.866
204.167
244.236
239.606
298.414
242.217
200.489
270.096
201.668
233.017
245.235
320.248
213.57
262.534
235.279
244.465
205.813
203.544
376.731
417.049
954.638
333.76
202.205
729.005
299.651
226.343
219.907
208.713
212.165
201.311
245.715
203.162
255.564
335.031
321.305
217.899
295.381
209.678
231.143
660.344
211.104
317.885
229.292
271.757
262.277
250.194
252.525
277.566
213.274
290.436
265.707
451.314
216.633
295.834
293.45
205.149
221.786
288.841
605.392
228.902
271.345
217.161
236.884
233.897
240.41
218.483
225.32
262.181
312.708
275.291
244.293
242.817
256.782
508.044
660.608
210.416
421.304
210.219
214.002
222.708
233.356
402.031
273.353
548.484
278.372
404.11
316.063
228.059
214.14
382.186
207.723
480.701
219.502
220.543
261.998
213.012
993.733
224.083
240.572
260.434
263.255
213.586
241.448
240.42
218.552
362.484
270.767
234.664
282.989
227.277
224.595
220.302
254.47
294.737
214.245
232.355
230.4
366.792
218.057
456.6
228.34
290.506
288.917
375.187
225.24
209.492
208.54
208.526
236.977
206.889
220.343
313.271
270.296
274.742
277.262
207.521
318.308
291.003
299.438
348.073
217.345
424.723
309.417
231.532
225.071
261.036
223.645
229.076
204.641
201.383
552.107
213.986
257.622
303.396
203.325
347.977
239.495
264.687
267.081
393.179
256.34
267.432
335.955
256.445
228.151
245.801
220.864
536.208
203.19
228.502
276.105
298.421
219.522
323.88
280.913
243.347
247.407
237.11
249.112
202.294
249.347
261.126
370.47
207.921
229.678
302.343
222.203
203.86
224.862
364.441
249.239
218.408
270.329
201.204
210.019
251.583
268.647
211.636
219.007
345.932
276.319
659.767
382.219
258.463
365.59
260.4
225.832
345.42
292.103
393.931
240.356
239.422
299.923
621.937
216.238
266.919
255.161
251.684
446.811
243.407
200.766
662.427
204.083
416.658
223.94
790.84
420.477
269.659
294.138
246.112
203.14
278.675
206.095
210.045
223.047
300.32
203.106
215.339
215.014
299.863
320.403
255.638
264.341
326.19
251.539
386.375
249.391
220.835
208.058
205.757
362.36
299.351
248.475
238.722
413.853
202.284
287.731
209.456
216.472
214.29
291.978
247.675
210.255
237.748
225.83
211.974
211.866
297.217
334.81
290.29
371.238
221.527
202.803
527.595
213.439
204.761
471.551
243.692
294.318
263.989
203.75
233.043
422.895
250.954
288.444
248.208
403.85
201.609
218.234
204.683
212.756
219.445
328.929
218.525
200.392
268.326
240.983
214.984
236.605
209.755
629.676
389.656
288.226
282.772
294.559
212.323
364.33
207.321
219.034
292.805
798.917
220.422
386.895
225.823
269.678
326.85
253.109
201.07
269.035
283.307
235.121
266.156
248.202
235.087
208.108
203.022
341.341
217.906
251.819
231.754
294.71
222.481
342.405
205.881
341.81
510.727
203.158
211.736
215.53
212.097
257.36
232.209
674.345
287.19
203.735
229.347
332.119
235.962
284.188
260.265
240.185
208.619
279.88
296.53
208.634
297.888
225.925
201.499
232.396
238.338
284.652
559.232
284.684
263.412
217.274
218.497
207.159
289.304
212.16
308.524
204.48
212.671
243.961
206.366
235.41
291.592
258.687
259.507
317.696
263.833
245.803
233.979
254.916
236.652
226.652
514.116
209.635
327.133
207.658
293.867
435.749
257.505
248.964
372.96
211.738
222.457
233.004
296.956
358.944
211.953
320.858
212.052
216.118
447.193
215.381
221.029
545.986
290.888
203.556
250.561
206.138
235.387
221.721
539.342
370.597
303.957
206.957
271.577
439.337
242.819
259.79
202.714
212.629
253.316
237.813
291.002
207.841
289.879
247.968
240.254
1058.7
351.845
286.997
208.005
242.767
214.084
303.542
251.631
232.211
232.338
208.233
694.906
331.183
218.062
357.326
200.272
417.313
252.442
306.73
253.588
208.331
270.814
205.034
311.716
200
245.839
208.379
255.092
200.594
207.918
211.615
374.949
331.81
215.339
440.769
278.153
315.108
222.414
291.524
298.473
269.435
238.017
216.534
225.737
202.803
254.749
213.195
320.247
212.925
258.701
223.332
225.18
222.135
241.319
247.923
252.065
254.258
442.429
206.577
269.459
336.24
204
356.459
367.787
264.413
226.418
230.77
255.59
211.84
328.305
206.432
258.641
211.92
233.514
217.869
217.111
369.146
222.836
587.543
226.868
330.705
210.988
266.351
219.119
240.564
253.604
285.827
243.82
256.256
395.655
206.395
586.116
272.483
304.738
272.835
226.698
240.198
673.705
357.357
200.958
223.897
276.054
216.952
241.917
297.013
209.96
215.792
212.007
209.762
234.563
220.218
209.246
208.686
499.671
403.703
230.84
239.113
211.031
264.649
270.218
277.052
218.461
221.07
257.765
270.352
220.477
267.597
215.794
236.865
210.611
218.298
209.172
223.875
273.545
215.002
267.692
206.949
215.205
283.244
218.934
274.505
219.848
207.147
285.168
229.722
227.618
209.487
251.424
234.423
247.407
215.639
231.158
251.133
300.659
230.191
204.032
221.391
865.606
222.092
230.091
265.079
226.766
218.975
375.956
252.715
208.341
229.332
288.304
310.986
227.719
257.709
246.303
277.993
223.975
223.526
390.556
252.478
592.404
204.382
214.972
222.83
212.666
203.558
220.477
279.632
271.35
204.186
241.323
272.285
427.327
509.929
248.705
225.187
306.109
239.702
257.08
243.928
258.558
218.188
208.588
338.671
225.193
250.174
335.234
275.16
255.382
247.188
218.785
221.391
221.587
307.358
264.358
298.299
325.278
262.494
326.679
211.459
330.218
226.784
212.139
395.003
231.013
249.307
228.243
223.367
215.829
236.044
271.19
204.485
629.218
209.232
256.677
248.526
226.513
242.914
210.062
255.394
295.3
383.754
219.75
303.371
205.75
202.667
232.51
241.406
213.049
201.182
215.975
209.504
239.902
382.717
212.007
213.563
211.835
214.672
252.856
247.15
255.022
207.174
504.541
747.133
263.473
225.267
215.574
304.646
212.723
393.323
265.582
408.973
207.743
252.466
264.622
232.097
204.993
594.18
340.897
283.171
272.428
251.458
310.358
273.476
359.056
243.965
208.952
242.858
239.061
202.517
210.373
293.046
755.435
220.622
226.31
273.031
301.987
342.349
264.49
433.26
229.943
226.969
403.988
248.33
238.269
227.379
202.097
250.563
203.958
225.082
240.239
234.023
409.318
228.331
375.397
245.004
263.97
232.848
582.762
304.703
257.241
648.055
375.852
323.473
211.594
222.306
230.519
237.952
481.126
252.761
209.964
227.583
253.781
205.73
301.203
276.673
323.232
557.025
545.645
264.034
281.247
321.048
453.593
308.987
225.397
271.781
269.095
410.748
252.935
224.689
214.944
272.175
443.372
239.671
309.748
230.634
453.921
236.69
257.043
258.285
232.134
252.123
272.136
212.939
233.401
231.061
237.748
216.204
268.367
273.313
255.707
240.88
295.056
218.328
454.332
203.423
240.624
401.297
209.301
304.434
244.01
209.437
225.537
200.514
273.43
329.961
210.461
259.388
231.963
223.611
208.593
218.925
208.67
334.91
213.263
290.625
246.781
243.898
209.728
231.95
213.45
236.597
294.506
220.125
205.555
326.215
226.022
229.887
289.348
203.691
204.255
219.267
209.394
213.93
238.981
221.346
378.505
201.477
234.416
205.531
266.086
608.007
232.536
256.714
261.962
206.862
235.177
222.704
297.842
635.578
209.518
292.46
234.574
210.35
320.495
206.816
240.689
261.002
460.825
224.615
202.015
205.482
413.074
217.881
297.202
232.463
247.32
289.19
254.444
260.438
246.945
204.218
241.371
236.347
231.968
321.79
251.714
290.759
378.9
354.37
220.105
242.631
217.014
253.592
211.566
277.352
335.497
211.514
259.985
241.149
278.989
469.304
380.229
237.049
201.631
284.972
422.287
229.593
206.238
227.11
219.943
207.507
392.177
246.14
304.731
454.686
205.482
225.889
222.899
322.157
251.732
201.529
264.178
227.93
203.811
569.875
201.584
223.546
212.386
243.44
653.533
217.787
491.261
284.058
204.839
214.203
217.956
283.981
204.692
258.24
418.636
222.259
234.015
230.163
225.502
342.911
392.357
311.748
226.544
379.542
204.541
294.929
222.58
275.067
213.621
256.256
211.168
1044.49
219.401
267.754
361.323
332.62
237.065
211.707
384.459
214.203
206.478
213.995
235.1
223.452
336.397
261.744
206.908
209.829
269.461
241.926
210.079
201.057
379.914
226.905
208.048
284.684
233.803
386.899
211.324
283.952
273.971
234.813
225.338
201.613
212.031
288.418
274.678
248.266
251.44
219.565
219.691
488.076
462.923
241.886
515.32
326.705
227.106
234.836
270.052
207.827
280.18
311.129
306.547
293.741
278.957
203.266
221.292
204.262
316.251
250.408
211.873
227.941
259.125
424.497
273.428
267.326
204.171
225.861
747.752
204.499
246.816
298.983
242.526
448.964
244.916
225.679
230.606
210.01
206.33
266.773
206.85
276.845
408.689
201.072
534.919
214.779
238.458
282.009
1550.14
307.966
204.895
445.688
210.411
230.625
276.521
241.127
215.539
257.556
237.196
211.764
293.104
216.541
225.741
212.876
208.007
258.896
243.902
227.497
240.772
427.328
270.12
211.197
261.746
286.052
466.58
281.801
282.09
216.446
291.793
319.05
412.783
239.71
224.359
200.327
264.373
207.56
207.21
228.046
323.832
200.629
221.269
320.688
220.273
299.601
346.456
241.537
230.324
410.736
224.31
229.135
232.523
230.753
204.585
260.561
488.712
225.967
215.759
273.005
207.432
238.065
254.731
249.914
204.9
211.969
252.085
234.634
214.474
220.45
228.484
488.018
368.34
390.635
221.903
225.227
230.391
330.92
320.139
249.546
248.888
419.596
217.154
241.255
257.719
300.804
204.428
322.338
225.382
321.338
249.287
278.385
279.197
398.412
244.669
217.807
213.897
346.916
216.437
201.658
345.67
293.174
452.164
253.448
244.508
558.569
499.484
210.592
211.972
237.177
207.642
232.024
379.252
235.011
261.218
802.302
207.853
384.376
218.502
319.6
233.397
248.634
221.314
226.905
216.449
555.223
237.139
227.739
221.375
225.655
211.137
230.903
223.309
206.08
212.641
228.655
200.177
265.177
260.286
203.661
224.637
237.276
224.178
278.228
433.365
220.923
209.406
219.986
249.469
239.831
206.291
298.776
245.404
478.063
224.827
248.244
213.019
215.544
204.797
242.809
220.341
247.34
451.409
281.881
225.869
210.817
333.482
226.239
201.512
288.81
222.738
735.577
203.499
248.139
232.631
296.918
236.78
204.58
273.395
294.99
201.437
231.026
206.073
293.675
220.218
224.691
227.297
209.062
326.861
200.395
224.613
259.368
237.508
229.218
288.91
236.658
272.813
217.715
216.46
210.169
225.331
269.084
232.235
764.997
332.026
215.332
248.958
255.227
440.546
225.688
201.814
207.364
224.444
268.175
243.824
201.579
230.734
382.497
238.323
342.783
229.846
212.728
218.607
318.253
228.773
202.042
287.799
485.894
213.661
405.89
226.038
215.13
374.142
226.444
394.55
224.673
253.565
350.488
214.649
219.543
221.339
370.008
337.615
306.566
207.957
267.458
315.668
269.846
246.055
252.05
202.284
446.4
327.899
328.027
484.729
277.584
462.028
327.42
327.613
258.122
219.349
209.397
273.549
655.885
242.969
234.725
214.173
241.526
203.445
358.35
200.29
213.115
218.836
297.311
272.716
414.64
207.413
218.128
205.852
307.662
335.704
254.755
432.948
202.413
202.744
207.116
218.534
237.245
231.512
514.708
212.372
267.341
213.624
225.464
247.998
233.047
346.103
212.918
211.832
268.751
248.292
205.599
489.212
323.682
234.171
467.365
298.156
215.1
217.122
204.159
214.653
265.597
335.787
407.171
214.432
222.284
259.44
268.5
234.689
239.598
324.698
216.28
281.357
260.776
239.322
282.333
218.044
247.196
222.477
207.608
205.183
262.667
259.056
231.409
411.096
301.887
374.959
237.758
203.863
283.84
269.388
207.993
444.396
261.626
283.039
261.306
288.376
260.624
264.456
202.267
319.989
375.437
241
208.036
216.751
217.051
659.487
373.64
269.757
211.062
219.324
225.187
256.784
273.916
208.679
260.138
224.582
211.861
389.642
217.568
202.04
375.597
225.564
238.799
229.789
391.289
328.544
299.298
262.41
528.219
215.843
204.26
258.884
205.227
239.568
295.313
231.359
219.959
267.976
215.067
200.2
243.354
384.039
345.498
264.74
247.96
317.162
259.785
200.335
966.794
206.104
275.793
207.36
202.126
304.651
252.958
224.864
374.51
248.922
286.004
227.313
315.357
268.175
364.753
317.57
229.933
329.194
203.219
208.696
206.855
590.484
210.749
203.229
337.822
217.984
223.728
260.215
219.627
343.073
254.439
235.718
243.093
331.65
201.566
260.95
200.087
268.721
200.412
216.009
287.333
312.396
202.284
213.488
214.565
303.597
372.343
277.59
455.861
210.29
312.963
239.527
535.057
218.465
266.904
319.952
310.343
228.23
268.874
233.72
230.2
223.403
211.036
340.265
325.527
420.962
241.591
331.124
239.132
323.489
226.44
204.497
209.081
309.307
231.212
561.187
340.442
227.088
622.827
322.179
264.964
246.104
365.257
366.502
214.809
322.09
290.078
234.1
375.232
212.518
236.413
240.368
219.142
277.058
204.683
246.349
520.25
609.999
340.823
245.188
290.666
207.62
212.683
254.841
246.071
200.599
312.596
201.869
217.221
286.976
290.672
255.848
288.267
266.252
205.327
243.232
335.94
350.82
269.907
218.979
254.472
200.537
445.142
267.305
229.081
239.937
244.959
213.375
209.249
401.244
280.733
237.775
243.713
372.003
284.977
222.778
245.029
335.225
229.428
215.27
231.329
235.875
307.107
264.028
202.973
264.902
260.943
225.524
369.424
275.033
214.399
204.963
247.305
206.705
214.432
233.116
247.287
278.047
216.573
245.648
213.981
218.925
212.77
220.445
391.671
418.24
262.964
245.587
387.429
204.854
439.834
359.093
201.097
291.198
222.068
249.716
530.566
310.018
244.09
216.296
333.287
216.384
350.434
280.507
221.425
239.756
263.049
265.206
212.702
539.967
235.856
228.443
316.629
207.564
226.124
226.175
202.522
201.256
271.199
402.15
204.851
229.327
213.408
252.115
242.821
381.704
221.256
293.993
320.992
280.073
273.062
209.041
260.377
250.35
204.191
276.237
253.708
218.87
241.497
266.117
234.322
262.08
325.84
274.005
220.742
295.489
232.671
201.775
232.392
274.454
204.866
222.488
226.552
208.178
254.289
262.781
274.958
204.546
203.192
689.484
286.327
215.926
208.861
209.296
236.248
247.479
247.202
212.283
232.166
208.497
413.064
207.99
212.042
285.133
270.389
360.106
267.385
326.438
308.799
202.391
205.212
231.045
217.713
318.355
273.359
342.254
309.958
206.107
444.15
279.848
290.567
237.973
227.789
215.986
222.794
225.22
239.673
225.282
770.353
211.031
294.194
271.337
259.077
445.434
227.752
206.816
228.589
401.914
216.977
294.197
394.976
203.401
278.219
373.272
412.485
216.183
202.41
268.434
269.663
375.478
238.625
213.907
227.335
463.274
291.119
228.694
205.134
288.156
422.103
222.405
306.783
273.24
524.215
316.06
265.46
210.167
206.187
264.515
268.896
637.241
253.539
224.976
246.97
268.207
236.231
237.891
224.263
260.697
256.486
213.841
310.277
239.589
206.572
213.471
307.067
285.487
377.984
203.3
202.307
466.961
202.746
353.135
242.318
212.087
250.33
277.968
207.897
303.717
394.247
324.845
231.715
209.938
246.83
203.644
252.955
215.028
245.086
283.771
211.126
212.229
201.03
268.159
232.106
205.222
379.406
208.101
201.886
227.552
250.32
214.63
231.015
202.946
225.042
276.078
218.87
215.546
298.54
243.887
254.7
212.563
294.404
200.38
330.813
227.077
345.569
207.145
521.863
218.362
235.557
248.437
259.272
244.137
217.86
203.681
226.868
204.463
327.243
238.271
247.146
402.216
236.26
217.81
306.65
250.402
306.875
364.9
247.473
210.948
310.685
226.009
200.791
203.858
311.08
245.341
210.602
340.658
201.782
372.887
207.256
255.939
222.425
235.026
202.771
247.125
275.276
447.902
307.042
215.086
360.11
207.707
238.715
296.258
350.41
411.664
218.515
200.938
706.911
209.048
226.616
204.631
208.303
209.581
248.423
314.242
287.809
387.605
203.971
280.719
229.604
238.246
489.403
494.11
309.864
326.04
233.579
267.404
249.546
203.87
449.53
207.386
295.816
321.988
214.182
268.46
271.627
202.924
317.863
205.995
205.215
291.105
332.965
238.705
208.286
225.581
207.617
229.301
597.218
312.775
296.429
210.564
287.753
254.741
214.35
215.662
231.03
691.367
200.788
289.187
216.608
208.741
384.528
223.103
254.091
270.954
229.299
290.618
214.054
207.721
209.256
268.695
255.454
237.908
230.573
216.67
522.481
415.035
335.798
521.658
391.652
288.581
467.618
233.367
214.988
205.144
383.478
242.967
215.067
208.686
215.342
325.011
205.949
403.927
263.293
271.063
208.844
226.413
231.566
227.101
305.205
827.101
298.794
242.116
253.632
269.134
247.863
334.712
250.084
214.723
213.434
223.146
399.069
232.85
212.73
296.36
277.507
261.015
200.302
219.1
258.78
201.129
218.467
206.739
287.057
236.998
260.872
254.519
307.472
404.277
202.906
268.792
229.643
369.058
299.948
450.661
543.888
242.293
238.487
285.58
262.968
251.619
252.063
232.159
453.169
308.731
245.715
232.85
432.349
220.359
240.308
334.021
264.142
285.96
303.213
230.339
249.978
225.289
226.422
252.84
294.893
248.085
306.754
267.41
237.704
237.388
203.526
403.539
299.8
228.845
227.649
234.126
253.261
277.654
217.286
219.253
213.263
266.815
205.806
218.03
272.773
216.113
241.88
200.237
624.393
221.1
542.104
658.57
377.244
222.365
202.092
218.767
209.979
230.439
227.255
217.97
222.167
239.833
305.917
203.539
208.125
331.468
223.264
230.376
242.252
208.082
484.562
308.48
206.884
428.607
304.928
210.941
216.988
207.335
220.105
217.21
233.758
225.36
215.044
246.349
370.907
275.149
457.577
211.903
219.24
416.906
209.774
270.044
224.439
714.254
207.097
527.283
257.422
224.546
223.502
237.601
523.116
215.414
273.097
412.149
239.096
231.909
242.328
297.627
214.339
216.504
252.335
254.323
403.501
539.155
251.452
373.72
229.205
218.204
323.822
335.146
211.901
327.954
241.489
221.687
217.228
211.154
201.259
233.377
409.371
317.821
290.477
234.096
270.989
245.489
367.226
219.502
370.671
254.794
268.652
203.342
351.932
259.039
347.383
206.049
228.51
427.994
258.343
299.261
326.334
207.478
205.592
281.011
883.756
325.922
221.885
211.887
252.964
200.147
244.553
356.091
203.998
552.192
241.228
253.253
573.22
230.588
233.932
326.795
233.358
229.301
219.698
314.31
246.449
236.423
255.969
297.948
276.496
237.285
209.289
225.748
275.414
204.343
237.337
248.978
233.03
236.14
281.398
204.59
349.871
243.222
574.886
201.378
375.049
217.697
207.234
207.726
219.916
225.803
267.591
205.626
358.887
232.114
203.934
373.676
208.005
251.293
228.817
214.161
205.017
282.799
351.414
360.795
246.39
243.742
276.353
204.078
210.428
308.07
292.621
335.441
265.432
214.714
320.991
287.981
223.289
342.127
229.704
206.361
216.848
308.247
205.623
293.229
270.653
279.473
272.16
253.978
316.743
294.88
269.42
204.042
211.13
204.802
279.355
278.864
323.34
302.005
210.245
576.52
203.669
241.924
204.159
202.49
202.551
211.606
277.775
208.211
202.309
244.99
628.762
391.807
217.456
231.84
239.994
316.83
255.411
212.302
220.465
240.645
367.247
213.42
355.92
208.61
230.649
335.672
220.311
219.677
242.471
200.699
258.414
225.493
212.238
246.66
226.896
231.925
216.924
205.215
251.012
222.926
266.683
261.643
268.52
204.592
234.572
233.842
214.413
391.94
421.305
615.181
213.857
203.649
208.396
495.558
383.764
233.791
264.354
254.688
218.328
215.824
367.819
254.694
260.73
311.301
254.653
380.388
265.759
234.423
380.623
872.075
254.566
241.33
346.09
310.72
243.167
352.807
211.23
223.011
222.007
211.929
220.173
267.391
275.617
231.799
202.03
201.174
244.102
239.883
255.527
265.121
371.33
223.439
236.814
200.674
378.637
228.817
208.432
224.45
303.332
252.048
365.158
202.938
321.481
222.387
331.946
273.96
315.873
365.949
202.193
316.323
201.943
230.111
221.326
231.113
209.11
212.212
244.555
224.04
206.26
242.685
203.821
554.114
293.413
207.266
290.854
237.301
216.342
257.752
209.033
428.11
211.816
492.156
252.705
310.817
246.621
365.042
311.133
206.395
311.958
216.539
243.263
205.988
264.6
234.898
371.144
221.443
221.615
375.328
231.019
289.966
265.256
237.552
251.865
239.877
380.896
210.568
230.916
211.88
201.73
217.495
218.037
204.583
224.789
397.864
283.605
200.714
250.98
201.393
343.661
210.428
295.736
375.342
231.588
290.455
207.603
272.386
311.482
272.927
282.551
232.263
247.671
373.822
207.504
241.564
505.197
219.374
213.939
582.473
270.987
301.98
406.923
315.81
266.075
271.84
260.135
276.429
266.453
213.609
319.959
216.148
305.599
202.581
352.05
250.659
207.526
264.53
231.372
204.397
220.572
381.674
423.267
219.588
246.201
305.671
621.083
236.085
225.138
625.833
245.98
616.646
293.377
233.124
220.685
309.613
224.502
203.113
222.531
364.041
263.41
230.881
239.426
219.536
223.911
241.787
263.862
219.258
246.38
260.571
205.954
276.192
282.74
220.878
233.478
375.41
455.192
447.892
225.278
273.498
446.805
209.614
303.295
256.498
250.466
243.608
276.724
403.242
306.87
268.557
301.93
248.898
205.056
201.955
220.465
274.317
254.692
263.524
254.446
269.635
223.083
207.408
283.208
294.068
200.115
221.226
233.058
333.182
219.224
255.865
228.683
202.869
221.813
257.008
215.121
324.926
253.245
205.29
203.094
372.901
212.464
238.891
224.433
235.877
204.071
528.782
452.842
403.196
407.739
386.877
217.518
214.814
208.694
225.34
442.353
364.542
250.208
229.262
317.172
305.246
221.217
397.24
277.146
336.187
206.688
205.307
403.032
278.72
264.496
211.317
287.158
205.417
237.815
235.249
213.134
283.908
222.522
203.539
319.417
352.919
220.443
389.759
264.414
278.492
304.849
294.914
298.382
359.974
326.541
265.211
216.285
235.255
249.191
282.981
214.93
239.41
215.972
329.751
205.881
233.942
248.863
286.861
231.588
211.629
300.558
219.993
304.946
238.336
228.653
202.721
202.98
217.782
279.072
413.702
207.229
208.638
277.995
227.288
235.438
313.313
224.637
256.164
213.272
214.998
216.118
210.841
227.93
251.778
307.696
247.687
281.995
205.64
206.669
290.222
391.139
277.852
203.571
212.549
316.305
230.727
238.839
205.76
299.88
215.49
207.639
207.627
233.032
329.589
333.922
221.075
275.641
213.808
216.767
222.589
451.074
218.376
500.245
264.397
259.195
236.645
255.902
212.695
286.646
227.785
261.624
212.064
202.408
319.395
323.56
256.162
292.472
229.399
303.539
205.434
277.95
738.07
207
216.46
210.725
220.116
511.739
230.115
215.734
300.018
295.352
242.928
352.736
256.217
223.078
209.709
215.794
485.593
202.675
211.736
202.477
227.673
240.237
243.811
230.343
234.563
264.316
207.422
213.967
288.007
211.778
205.548
203.002
206.937
209.752
220.359
234.487
216.495
228.425
304.386
271.162
205.9
232.241
382.101
277.757
322.566
205.619
224.08
205.692
375.654
275.614
222.594
222.551
481.706
389.826
231.193
238.52
264.157
224.651
334.389
205.029
279.968
321.408
282.418
291.086
251.549
297.32
221.928
207.097
265.375
216.691
304.72
305.621
247.069
235.716
219.331
221.777
277.287
315.672
222.479
274.316
207.56
450.805
203.517
326.599
330.624
210.983
706.847
239.531
257.282
311.329
225.198
234.139
227.403
205.305
222.796
217.837
264.711
276.736
242.427
243.809
303.386
213.225
225.076
559.465
214.471
256.453
266.685
240.167
204.946
227.987
331.53
239.309
257.924
714.461
383.318
238.269
236.958
225.803
234.642
253.537
215.072
209.759
361.35
221.387
212.276
280.945
316.806
211.09
209.724
221.199
215.344
207.858
411.258
237.905
201.094
200.524
341.911
468.884
209.719
211.851
210.611
282.05
204.619
202.721
338.007
968.088
276.617
219.096
887.865
249.251
217.575
260.202
215.411
216.991
217.536
317.998
312.093
274.009
225.579
207.29
410.462
219.675
213.481
298.595
299.237
286.295
269.65
223.524
281.167
236.924
206.044
240.776
349.047
239.228
402.966
206.47
314.584
234.218
250.565
207.068
214.672
283.159
233.617
251.521
389.949
321.932
204.585
303.523
209.669
234.8
308.021
392.283
359.388
200.479
233.598
213.084
337.446
272.006
283.263
204.499
242.716
205.285
233.298
247.889
201.204
381.606
252.81
445.042
223.482
250.787
210.827
238.87
260.86
217.598
233.107
249.954
233.384
291.748
242.103
501.502
250.358
234.173
211.206
205.701
228.932
244.489
224.586
211.603
425.464
213.602
375.416
215.671
226.594
686.166
504.399
604.73
212.396
235.213
296.624
252.331
211.047
203.846
239.47
201.35
318.562
226.075
278.315
257.014
230.545
277.211
336.225
201.693
240.252
244.354
232.601
207.338
251.595
237.607
223.676
222.239
238.231
280.257
234.006
293.017
257.068
215.221
205.521
210.927
254.984
311.403
490.389
250.841
219.468
208.701
201.675
291.683
216.679
223.531
426.258
274.674
308.746
383.68
230.404
201.871
362.504
376.211
232.271
215.225
577.324
233.484
236.474
240.678
230.486
240.601
208.041
216.065
201.703
325.753
259.948
255.337
219.577
323.691
245.992
238.983
222.133
207.528
204.937
410.721
257.86
203.303
211.324
209.244
248.94
228.086
401.847
232.224
280.688
326.891
215.979
205.619
245.652
272.606
224.221
229.425
238.807
292.337
222.173
256.308
319.496
200.27
485.56
282.86
243.228
206.482
310.343
213.928
259.731
229.793
206.475
246.142
202.094
276.349
239.297
348.465
256
217.646
206.582
202.111
275.933
208.101
200.195
202.218
217.69
231.888
230.714
200.938
211.171
377.751
201.926
206.683
205.563
271.374
220.273
254.391
258.016
261.731
214.555
254.348
262.404
239.462
270.507
260.718
316.635
212.911
255.609
228.313
758.762
297.878
216.407
235.506
205.823
203.853
206.611
637.662
286.772
235.894
251.778
235.255
222.538
228.622
213.584
328.2
223.473
328.895
275.525
470.221
354.862
478.629
215.339
264.656
234.968
203.956
386.311
237.584
476.131
446.342
232.553
241.948
222.843
203.738
246.051
300.323
243.811
201.48
289.256
215.701
278.869
203.342
201.524
317.703
229.595
238.569
231.011
221.698
233.105
226.272
259.694
265.838
201.579
216.728
429.503
290.749
206.378
201.107
224.283
227.365
246.163
328.008
475.412
402.532
229.155
240.576
322.224
262.842
200.432
257.915
229.515
211.832
200.272
309.233
211.017
256.314
539.153
204.998
497.129
253.004
237.643
214.266
215.356
302.285
232.764
302.648
238.353
212.028
235.55
218.719
240.323
334.051
212.092
205.492
409.658
207.458
717.88
253.915
226.08
255.441
249.802
257.816
234.209
241.413
219.968
222.032
280.998
507.812
669.965
254.478
332.366
236.248
620.517
219.196
268.663
228.031
276.711
217.929
231.877
207.964
208.159
338.883
223.213
380.489
248.775
295.366
318.291
203.929
267.245
305.472
204.274
592.787
253.35
253.134
202.173
229.43
380.916
416.512
313.346
217.108
308.887
219.829
240.562
341.702
462.908
592.983
209.94
246.219
438.903
226.091
202.082
200.751
201.559
275.084
346.345
494.665
229.867
547.09
232.876
218.115
284.143
561.223
222.598
217.327
206.964
256.759
254.425
326.575
487.307
239.142
290.924
330.221
337.03
257.8
251.277
205.232
233.983
215.195
248.117
332.196
226.168
209.122
406.372
375.011
295.872
216.846
267.322
202.492
315.083
280.136
200.833
628.468
257.012
335.728
344.439
205.271
457.547
247.231
260.394
214.311
226.577
210.093
331.51
203.335
215.949
411.218
206.24
281.265
239.036
206.296
212.586
273.399
341.52
221.732
437.962
276.304
631.364
657.645
387.616
212.252
296.968
294.433
413.12
221.161
211.379
241.444
231.255
332.488
210.119
289.116
240.331
202.606
219.413
208.935
201.643
241.265
329.208
317.533
206.809
201.286
206.708
769.662
206.4
225.896
284.561
218.307
259.761
289.233
415.794
223.28
214.056
315.813
215.425
200.823
234.205
315.127
212.556
249.435
238.585
213.565
251.408
286.461
259.488
312.054
278.613
226.407
222.05
295.075
254.672
230.617
348.683
285.335
414.177
262.568
651.828
238.407
229.861
210.445
259.338
386.272
304.348
245.473
250.214
205.375
245.752
213.087
210.815
225.2
226.044
288.773
218.623
308.052
289.634
209.685
240.05
304.731
260.979
209.967
304.759
276.597
393.524
470.943
245.104
419.681
333.91
271.593
262.01
245.896
201.427
275.109
500.668
233.491
245.811
275.67
240.1
376.411
259.025
441.232
330.823
230.82
203.126
313.268
224.775
278.201
426.299
209.545
215.086
417.344
654.844
204.145
209.007
297.919
203.725
234.412
218.781
201.177
243.627
279.38
312.34
223.034
234.891
231.076
212.502
618.926
1123.44
318.598
255.157
279.294
273.134
230.896
219.442
355.211
309.517
297.247
213.998
218.719
262.408
284.905
223.897
210.879
265.898
244.812
206.383
292.602
261.631
331.842
288.969
233.165
223.499
626.489
226.398
204.68
232.824
201.139
301.116
248.976
279.5
459.393
202.517
243.189
216.726
204.807
292.952
289.233
270.398
292.276
216.303
212.556
214.252
293.888
379.293
351.741
239.898
369.616
219.545
293.908
594.864
202.657
215.186
231.618
414.305
242.299
297.022
258.971
266.981
218.133
440.647
210.73
246.692
272.298
253.945
242.844
204.294
279.496
233.88
253.744
260.576
271.181
290.852
218.126
210.708
342.47
201.06
499.385
209.588
277.103
240.289
422.338
458.026
240.988
223.844
224.544
308.869
201.99
206.577
650.841
267.686
232.028
253.742
208.701
364.338
251.986
258.608
300.468
213.164
815.004
319.661
233.609
235.977
207.649
206.066
224.664
231.681
206.187
265.256
228.808
239.598
200.292
209.44
208.204
240.934
274.74
234.139
247.79
227.778
237.141
307.929
203.015
250.26
208.677
242.858
283.801
215.585
289.657
220.154
327.989
253.225
224.689
313.818
228.773
267.077
237.369
222.657
438.607
325.065
229.12
237.861
317.564
204.612
201.075
201.631
210.504
222.87
408.989
246.925
207.217
314.665
246.213
337.443
269.217
205.448
205.718
320.995
244.51
213.862
407.316
204.152
211.601
211.327
254.829
246.499
247.089
260.5
268.431
204.939
237.261
229.148
249.231
469.961
271.945
286.334
547.392
223.3
273.088
206.485
216.044
519.248
449.974
249.315
350.571
269.679
299.206
217.759
200.519
217.106
337.289
251.927
239.677
205.258
264.675
218.607
204.49
375.208
213.324
677.903
286.543
564.908
223.64
309.188
219.456
202.02
228.799
214.471
228.991
391.732
208.13
265.821
276
270.623
279.088
248.399
238.864
214.091
267.873
205.295
286.145
221.038
273.808
232.744
210.376
230.178
205.278
244.139
209.356
258.9
290.599
242.316
235.091
272.525
230.697
238.634
229.351
209.755
254.486
297.081
206.533
203.99
226.594
274.182
504.769
223.506
310.738
234.983
241.603
242.062
262.757
401.422
213.298
217.023
217.885
294.386
255.171
200.132
422.441
256.726
309.354
214.047
298.808
216.726
200.06
221.181
471.64
217.835
475.009
277.687
227.943
208.127
208.555
283.335
218.534
247.235
276.46
276.087
341.387
207.111
432.376
233.18
212.96
258.254
246.374
342.127
203.509
206.911
259.268
217.628
221.517
220.347
202.183
442.037
278.282
324.114
223.291
261.517
206.48
314.635
225.606
214.355
314.611
281.688
450.214
337.864
267.599
284.572
259.692
287.529
241.199
217.035
405.952
206.337
209.105
667.066
212.972
207.863
248.534
201.68
410.523
209.316
403.492
547.808
225.686
325.017
275.26
205.604
203.59
338.438
281.67
411.444
257.921
228.096
318.163
337.292
277.218
235.453
202.707
243.536
229.116
205.485
209.638
210.86
220.284
218.925
213.296
202.153
257.775
284.153
231.37
226.744
205.383
248.099
399.744
206.998
286.187
335.297
233.778
291.153
529.799
397.364
220.717
258.457
308.561
204.076
201.149
435.091
243.438
207.147
216.363
210.473
386.431
211.929
234.659
209.487
212.349
292.57
278.658
215.94
486.139
275.264
244.581
225.357
219.873
201.112
225.369
224.25
468.621
235.215
382.709
266.378
253.592
218.142
236.038
277.143
265.609
536.542
237.207
245.404
347.764
451.616
216.257
260.073
860.37
257.616
265.14
263.938
231.21
230.278
289.727
214.658
241.106
288.995
217.021
210.941
448.078
226.281
215.476
229.308
283.722
275.058
206.816
218.669
228.902
201.122
244.636
220.989
235.319
252.703
229.517
210.488
248.399
288.998
629.662
220.293
271.494
235.661
246.158
242.815
224.178
216.712
866.081
217.253
248.833
224.158
218.227
224.02
249.734
538.109
201.209
224.989
334.392
812.294
229.574
267.283
658.018
973.045
449.622
219.005
261.214
394.882
266.968
226.672
384.839
256.427
212.377
288.95
225.16
236.26
540.787
242.306
258.352
242.955
342.907
392.051
206.347
227.477
294.207
609.608
208.787
249.632
339.659
219.21
205.122
210.72
260.186
382.177
203.33
257.975
293.218
296.449
578.576
296.569
227.868
369.202
221.45
203.172
230.263
292.995
205.546
222.816
224.829
224.624
268.54
251.227
298.131
208.207
218.57
448.949
240.495
289.289
216.275
224.158
213.342
269.691
225.504
209.117
418.651
210.962
213.094
290.811
399.177
210.827
219.059
380.364
212.542
244.945
213.068
463.407
230.675
236.377
220.354
202.25
211.152
228.046
236.476
252.232
210.502
204.893
305.039
280.239
263.964
209.879
200.577
207.906
214.914
580.618
262.589
235.981
283.607
208.634
208.995
295.413
217.979
231.797
340.78
217.837
221.59
243.237
377.555
456.639
200.714
221.712
205.051
206.637
259.825
204.291
230.486
241.785
204.863
225.976
404.728
287.346
219.556
208.137
219.31
292.619
207.803
238.709
260.609
432.87
325.52
241.919
265.85
212.342
203.332
208.406
369.808
203.288
269.872
236.85
390.209
327.681
213.321
287.649
271.544
209.869
216.499
424.46
212.132
220.229
209.843
251.635
295.748
235.421
241.849
282.731
650.683
223.215
214.502
440.174
210.649
299.037
228.294
229.526
218.799
206.303
258.585
244.634
221.901
240.304
202.314
214.898
281.428
233.154
215.646
469.039
208.132
237.659
262.507
231.946
241.799
273.507
253.209
259.411
255.227
287.367
248.741
289.698
202.941
311.926
276.72
246.795
215.469
274.845
250.374
252.391
206.262
261.178
204.02
220.792
233.311
335.945
233.773
313.622
245.569
327.327
216.028
203.079
332.247
262.113
252.244
299.348
213.645
208.969
207.485
271.849
202.265
231.64
339.45
220.611
218.131
319.349
228.801
241.035
284.928
250.988
202.136
343.817
262.13
215.947
270.753
229.584
420.372
281.357
421.391
210.098
214.009
208.535
260.471
230.12
242.466
221.488
209.623
205.127
206.107
258.803
326.516
232.631
250.845
324.026
212.441
597.995
234.386
222.113
569.169
303.172
213.67
230.022
243.121
218.002
234.032
233.328
225.559
252.416
233.544
251.36
263.517
318.52
294.942
359.146
234.67
216.779
318.987
257.911
283.991
203.256
202.869
260.983
201.829
201.809
612.363
218.794
207.338
244.831
213.164
280.728
326.607
247.132
265.236
321.436
249.91
391.118
239.213
209.146
237.089
252.86
289.538
237.441
239.119
247.623
331.352
262.665
209.139
205.604
233.985
200.202
232.68
214.257
208.646
227.412
222.472
256.885
345.527
224.071
290.279
206.545
809.048
224.842
326.25
233.908
208.406
209.22
243.006
234.591
220.678
326.239
324.421
253.996
220.214
234.702
249.99
211.792
201.537
298.948
219.144
210.459
302.3
204.619
205.477
291.813
203.674
209.187
211.081
321.031
200.764
203.153
211.507
212.753
233.302
207.685
299.11
271.704
312.556
347.918
1212.56
262.764
331.977
278.045
254.272
219.666
263.53
247.338
221.517
202.181
306.333
371.05
242.594
271.689
376.094
233.696
219.777
225.816
214.401
201.532
259.636
200.282
377.248
256.805
229.238
203.718
627.709
247.631
217.568
230.009
245.18
281.519
231.216
266.383
280.913
217.754
346.932
285.697
228.281
237.342
244.467
601.355
210.948
229.543
227.546
213.565
247.461
207.425
265.806
207.521
254.776
269.531
529.481
244.166
327.573
307.646
276.63
235.111
411.524
240.78
312.022
205.526
336.251
268.101
314.956
212.417
205.772
207.116
232.086
208.579
230.679
221.057
224.038
240.017
207.589
247.679
422.507
358.455
221.12
229.438
441.59
238.627
498.161
594.317
240.304
238.839
398.579
224.747
244.91
246.071
209.265
253.923
234.45
285.556
243.136
249.816
219.379
233.495
207.389
203.416
284.501
204.328
203.718
233.968
229.491
529.36
204.421
234.921
227.335
224.283
243.056
265.863
291.465
206.947
317.298
205.64
247.125
423.792
204.042
279.941
268.188
234.359
213.434
262.673
315.238
207.338
538.244
289.391
235.132
443.824
243.417
294.976
233.101
206.915
302.577
209.516
453.188
214.821
317.767
239.069
202.101
216.488
243.697
252.414
231.536
276.904
269.284
327.977
278.3
248.676
224.455
250.262
222.693
209.335
311.923
215.009
268.675
204.272
226.634
282.956
243.282
274.015
303.082
201.802
255.992
313.225
224.546
264.303
223.783
302.471
262.242
297.093
300.663
252.079
230.054
374.773
643.096
268.699
248.252
285.279
322.343
251.368
205.791
411.327
203.251
234.676
312.101
245.782
245.145
241.435
272.518
251.06
255.167
216.922
231.512
214.716
343.933
210.157
203.315
217.025
204.027
207.841
202.336
241.143
304.296
214.7
220.588
248.662
213.19
226.978
233.853
446.556
232.424
466.891
219.324
207.519
212.382
215.715
213.937
335.558
216.975
201.015
297.99
212.659
209.819
236.797
302.533
227.59
220.74
221.26
226.793
201.189
277.896
366.034
321.657
258.283
259.06
226.133
239.965
228.193
290.773
217.888
297.291
344.687
218.957
211.201
266.126
355.044
1254.41
201.653
250.757
248.626
254.651
257.967
262.227
249.359
200.587
270.427
207.913
244.207
231.03
285.121
470.478
261.547
236.592
300.541
271.273
203.19
205.677
279.142
225.08
561.02
249.72
456.196
413.676
379.103
231.273
355.169
317.868
244.424
200.285
252.113
207.427
207.8
287.101
496.842
201.656
347.691
206.584
234.86
420.779
220.366
207.437
244.765
336.825
522.943
316.289
286.353
211.206
224.141
238.994
209.745
295.249
213.389
209.612
257.546
231.164
362.398
254.106
201.388
365.917
241.218
501.047
213.89
378.43
333.879
218.332
206.23
204.098
221.481
311.424
214.914
209.239
209.065
266.336
245.949
201.926
206.94
227.018
209.423
215.838
279.501
305.845
237.196
208.926
213.937
219.461
373.264
563.722
204.675
209.44
238.711
808.734
221.373
226.702
419.089
270.922
320.181
245.75
208.315
257.088
467.476
280.2
261.013
313.659
211.471
414.029
409.634
287.581
203.052
216.557
462.219
236.508
212.288
213.08
212.951
232.91
230.955
323.003
239.714
352.234
231.689
200.704
249.469
316.017
208.132
269.653
249.072
202.803
230.015
242.821
206.204
427.859
251.082
204.252
286.012
201.44
276.187
384.674
251.267
207.007
205.82
261.962
276.082
212.967
222.034
250.116
262.162
255.243
223.244
231.292
243.781
267.197
523.147
222.762
229.443
246.633
209.39
301.234
210.72
259.829
204.805
372.266
458.789
201.74
267.376
241.124
210.578
276.326
217.715
603.23
229.589
394.438
222.225
295.22
236.472
246.933
300.701
238.464
276.729
480.558
216.539
280.605
287.915
247.297
200.157
203.027
206.7
297.232
324.668
294.817
261.853
215.676
202.877
478.784
464.485
204.458
272.575
296.101
232.946
283.912
238.573
271.042
276.523
225.53
297.575
828.971
239.545
595.11
219.089
291.815
282.878
265.966
525.925
356.681
228.318
321.157
346.019
246.349
217.807
223.859
210.366
248.884
209.053
272.591
431.343
332.014
240.691
417.876
254.012
248.562
205.781
241.386
227.772
211.038
215.353
293.627
287.404
394.54
256.129
224.339
219.053
263.701
232.095
208.187
201.556
413.424
250.687
204.956
204.189
208.387
235.347
528.53
217.92
291.748
209.339
201.596
200.33
497.407
698.588
209.304
277.705
200.415
209.375
326.051
400.625
258.078
222.185
290.291
275.536
249.177
221.131
238.801
219.825
288.09
223.714
233.139
210.064
215.683
214.413
265.245
317.506
311.177
423.909
219.303
241.127
246.773
215.049
227.396
225.156
209.471
202.252
220.62
234.135
226.34
204.868
273.598
210.938
204.876
268.274
239.545
269.62
299.681
202.304
236.343
233.991
207.668
260.845
287.611
291.943
212.579
212.518
205.592
244.88
203.885
202.924
753.662
206.243
278.047
308.697
283.136
233.94
218.222
213.701
540.96
296.628
404.716
202.114
479.607
268.032
296.338
225.204
239.616
224.835
209.831
264.341
229.345
278.632
293.044
246.585
304.803
244.855
226.062
200.948
259.9
290.384
275.59
227.343
220.844
319.579
206.872
228.116
242.062
246.266
211.242
243.212
242.92
256.661
266.541
850.656
249.032
263.716
258.913
248.685
280.038
244.491
230.645
221.633
281.501
232.648
300.84
206.611
284.137
271.284
223.987
258.356
251.879
226.749
324.855
217.329
204.722
242.161
210.884
261.836
277.514
275.94
269.106
335.439
201.703
312.727
203.669
374.059
229.408
454.22
495.807
266.186
213.563
203.524
312.765
203.747
237.101
781.429
227.339
296.398
310.886
224.851
212.156
260.371
204.832
202.475
283.24
202.275
330.636
229.074
319.227
233.626
211.589
343.776
202.953
238.275
238.493
312.826
202.973
314.827
210.564
203.85
221.436
239.837
391.3
337.455
237.445
219.164
254.645
201.221
204.624
247.235
238.315
255.02
213.321
223.249
248.648
341.309
203.212
254.209
328.21
393.806
236.59
277.611
204.585
245.495
255.533
265.304
213.115
229.414
336.184
208.159
210.19
216.546
200.945
215.947
209.881
238.382
491.354
208.502
206.804
273.335
203.34
307.724
259.181
258.685
209.917
218.863
292.84
229.264
211.665
249.231
236.73
279.455
211.856
462.667
248.218
233.347
294.886
243.481
218.874
295.616
835.656
254.91
213.755
237.729
476.287
242.473
267.821
257.907
382.756
220.107
249.339
554.521
314.228
204.656
348.672
614.93
270.66
245.603
204.871
301.475
208.005
331.083
233.989
335.272
250.164
201.169
217.122
211.927
223.62
222.191
249.311
232.351
206.724
211.568
251.895
272.235
215.576
241.787
253.74
260.469
213.75
370.136
235.712
308.744
215.511
648.374
262.637
268.347
633.014
204.837
205.302
245.644
349.172
211.194
239.148
215.914
214.413
229.037
209.366
204.6
407.638
312.557
225.069
213.911
410.766
243.325
221.52
436.461
206.877
300.643
271.35
226.621
218.424
225.657
362.392
218.041
308.075
234.67
203.941
224.617
228.683
393.698
293.181
358.604
220.37
340.246
219.228
238.424
258.78
245.925
281.044
220.043
215.065
230.148
226.718
291.606
249.858
220.302
268.274
502.559
317.58
233.189
203.846
790.724
202.183
215.288
631.199
336.1
252.202
217.309
250.312
208.531
228.532
296.113
278.658
251.682
202.549
203.467
268.33
236.085
222.338
502.228
284.206
262.661
204.142
294.248
211.48
217.357
236.563
257.058
236.956
250.096
214.042
206.792
409.095
245.273
258.399
219.609
246.071
302.079
201.271
315.19
225.042
256.788
250.26
200.91
277.262
200.245
268.661
225.488
249.369
295.029
412.938
226.345
344.041
456.597
275.737
376.914
308.585
241.849
215.513
216.014
201.891
221.838
423.9
245.228
201.879
257.802
220.343
287.064
224.749
225.3
237.64
296.87
237.354
290.567
584.87
452.106
503.335
251.968
201.829
200.607
266.86
261.452
282.963
256.24
210.639
235.582
213.902
217.527
210.526
276.328
230.243
208.895
248.439
257.224
253.397
409.451
212.396
244.096
407.171
239.946
419.843
308.474
212.871
217.182
217.023
220.12
233.891
211.464
301.022
267.726
212.572
235.334
205.39
303.336
329.773
288.849
267.303
215.246
202.869
586.192
209.8
216.109
355.903
258.265
202.361
279.34
209.716
214.499
309.85
388.426
234.672
258.639
261.733
211.102
223.855
231.532
201.172
247.328
810.347
501.29
243.575
211.204
241.158
218.05
220.332
244.412
219.736
225.807
218.68
217.348
234.493
232.805
232.532
229.589
248.113
292.691
244.059
272.5
275.779
229.162
477.171
217.483
261.572
321.953
224.319
209.7
299.71
223.987
229.273
207.374
230.861
237.35
246.8
227.495
292.111
317.005
277.236
203.958
222.466
603.882
247.243
359.212
221.303
290.513
275.695
242.916
213.792
250.952
270.12
211.085
291.027
255.016
365.653
201.519
213.951
206.952
281.037
487.461
211.958
300.536
210.021
534.563
202.684
207.661
225.763
517.696
217.364
238.015
247.249
242.173
505.6
227.688
208.139
211.632
283.383
206.359
215.727
362.584
223.323
213.731
203.254
257.791
204.871
220.152
271.7
213.635
209.143
272.668
202.448
315.295
254.81
288.917
408.039
211.736
200.135
287.894
294.42
222.704
340.436
225.841
232.938
202.158
221.036
240.377
206.049
201.643
302.901
233.621
227.007
269.206
305.822
249.187
297.668
266.227
235.722
220.098
204.47
257.663
205.917
238.914
233.78
207.892
235.623
231.497
221.185
297.254
218.922
200.975
298.972
259.191
204.328
562.754
205.609
239.094
262.019
212.624
206.286
237.35
678.182
320.617
320.571
200.988
230.167
302.29
220.651
215.446
370.25
206.327
236.485
238.029
202.546
260.553
241.694
231.584
249.984
259.648
249.465
552.101
274.574
302.147
265.72
338.721
410.842
250.304
326.394
247.081
217.065
232.794
289.812
216.638
268.73
282.609
221.016
342.576
214.455
376.635
270.019
215.381
793.446
219.146
363.923
264.123
242.341
218.536
207.81
245.169
366.65
205.65
253.065
238.082
212.864
263.363
243.662
225.619
251.474
248.815
225.577
211.142
226.817
459.585
246.089
305.313
220.347
215.265
324.566
226.104
206.976
286.866
273.635
205.119
248.413
209.728
340.238
222.461
204.328
217.596
242.559
232.573
209.716
500.653
225.428
388.537
224.771
219.677
219.531
268.537
439.313
303.635
216.991
603.603
259.409
299.338
350.581
272.663
210.647
274.685
645.219
389.428
234.749
221.874
229.558
298.769
212.861
201.519
228.149
211.036
214.893
365.798
232.697
223.663
203.143
249.147
291.887
240.425
264.009
285.195
324.423
694.479
307.633
360.842
216.238
301.254
212.441
296.162
347.825
271.586
200.305
223.379
210.026
247.358
450.2
237.905
244.733
208.533
264.537
353.854
290.022
223.584
214.436
213.808
353.599
365.923
246.443
325.951
218.053
410.328
262.359
200.417
282.059
230.315
327.012
443.191
231.244
337.274
201.859
222.616
210.903
215.671
211.606
235.756
283.73
218.039
217.458
274.201
307.865
316.332
204.768
245.131
201.092
238.868
324.117
253.831
274.27
214.579
255.394
432.684
241.727
227.785
201.179
285.21
295.515
213.035
301.96
287.793
261.209
230.365
217.122
215.799
1740.17
224.06
313.971
229.011
208.399
325.44
263.108
211.111
380.249
211.969
253.547
218.215
208.797
264.445
249.038
301.972
238.407
213.319
286.096
426.508
271.149
226.051
206.478
268.462
402.976
519.418
219.365
271.046
203.128
477.48
228.414
221.736
367.457
249.688
219.634
250.212
296.241
281.81
537.704
510.874
231.504
221.921
395.92
271.709
226.418
312.904
381.531
338.544
304.11
220.785
234.476
315.794
212.798
283.572
271.704
209.745
253.647
213.546
228.594
220.817
225.491
268.933
262.254
285.186
776.678
200.945
401.864
205.803
273.611
215.752
214.488
253.523
203.066
233.664
223.66
293.227
214.231
476.05
209.821
278.275
300.025
201.017
279.143
298.582
250.136
229.292
490.086
224.045
281.315
267.776
320.384
217.722
239.879
208.89
234.887
218.817
244.873
210.224
275.3
376.591
248.157
264.545
285.54
247.219
222.007
272.584
364.895
214.257
272.384
301.914
322.41
222.191
271.652
233.42
220.722
379.668
206.264
218.756
270.884
203.423
227.079
256.807
210.4
253.541
220.148
250.984
310.751
211.329
218.089
214.76
505.561
246.065
236.337
225.136
560.854
303.34
258.443
271.658
240.366
263.659
242.382
200.407
309.824
223.22
215.998
246.299
286.951
309.789
251.01
209.54
201.465
211.028
252.83
275.839
314.452
202.857
313.192
201.472
230.4
281.19
208.593
353.15
285.272
292.968
221.389
247.166
231.922
218.943
269.883
204.646
219.836
256.521
251.129
218.644
255.206
260.365
303.855
258.73
307.347
222.36
294.498
282.788
225.38
334.438
499.055
227.062
244.704
201.916
279.56
231.229
227.855
288.174
213.026
251.464
303.845
266.88
235.232
235.835
233.662
280.918
257.012
319.083
244.857
231.093
263.281
264.998
220.016
222.117
212.977
212.923
216.599
270.902
247.077
220.472
224.666
430.112
218.579
289.232
296.803
707.708
268.527
203.98
259.811
310.108
281.917
317.109
240.678
246.775
222.383
205.448
205.21
237.449
364.368
216.682
202.68
231.4
319.525
221.583
261.178
276.225
242.017
296.892
311.907
217.793
213.731
340.988
215.335
238.621
473.108
494.449
221.959
224.789
238.623
280.653
272.852
299.923
298.265
201.251
201.894
222.565
257.645
296.894
423.52
215.455
311.04
390.664
240.641
212.252
206.066
350.067
202.966
283.87
215.346
218.25
238.935
208.111
325.659
879.879
240.154
375.536
248.859
258.911
240.948
208.147
209.848
326.483
220.431
481.226
224.12
236.783
319.284
227.073
208.617
245.957
256.414
270.383
208.899
201.732
503.161
253.947
429.763
267.978
253.892
253.071
275.879
277.173
271.678
203.034
280.102
331.917
209.385
202.931
209.824
231.778
229.56
219.068
252.735
228.263
276.42
372.95
212.094
212.323
301.058
274.864
260.302
320.351
207.711
224.502
209.621
244.053
200.527
212.137
200.17
213.345
210.005
200.092
342.373
247.283
348.981
384.61
713.338
221.617
200.387
239.111
240.811
210.891
232.243
242.623
272.456
272.987
279.623
218.559
486.686
293.557
208.758
517.406
208.216
257.89
302.632
201.586
336.993
225.007
249.175
299.747
385.583
208.495
226.325
250.721
444.22
222.241
727.916
447.406
216.998
249.954
204.99
308.323
214.746
210.865
279.841
270.993
213.476
241.56
264.002
209.573
300.716
280.371
300.742
222.729
242.31
240.587
305.162
212.53
408.899
205.558
200.552
220.313
200.042
423.713
384.775
211.334
209.817
213.155
350.217
411.445
242.006
218.309
213.638
220.903
202.062
225.934
201.256
304.523
209
211.828
238.636
523.426
328.799
361.525
217.757
245.87
248.328
273.859
201.179
343.275
241.226
264.783
257.187
206.899
227.51
200.507
274.541
223.844
613.262
498.101
243.84
306.943
219.659
378.854
337.35
296.317
253.373
299.538
237.836
297.535
213.698
324.438
249.086
270.948
344.286
349.671
215.04
218.861
209.771
212.12
231.696
226.241
259.636
207.237
260.427
284.322
216.689
256.431
230.662
261.371
202.958
1142.72
286.869
263.589
201.027
233.818
256.242
268.883
267.219
279.419
262.555
439.174
270.157
227.128
221.499
288.545
527.352
227.079
215.773
217.995
206.078
247.451
250.713
201.777
221.484
302.842
315.025
314.748
219.157
202.541
284.144
262.299
501.639
208.646
204.739
256.254
228.491
240.269
500.813
201.881
221.944
959.727
248.666
207.229
218.254
201.928
296.36
236.521
371.275
206.872
239.8
335.145
445.852
237.261
235.177
222.52
218.856
630.864
212.671
229.902
226.696
206.988
207.716
207.427
220.611
226.934
268.015
241.441
260.847
211.376
265.656
214.667
228.276
237.765
321.467
347.835
290.153
216.483
207.909
326.244
206.896
298.634
280.687
212.196
299.723
249.946
395.399
419.534
205.813
516.596
278.02
361.453
302.058
223.193
200.417
251.651
262.313
223.108
509.728
437.204
208.406
253.371
362.197
246.459
406.589
379.53
219.411
202.828
229.371
341.325
315.766
429.285
221.524
240.052
216.46
202.497
208.677
237.735
266.901
247.071
253.296
234.968
533.177
223.199
255.582
227.473
226.758
208.389
211.26
268.944
247.99
337.322
295.812
261.547
284.338
203.605
231.72
223.043
229.083
342.542
233.987
210.908
216.583
391.143
226.212
216.402
210.326
309.078
207.294
450.274
337.988
212.344
561.017
271.636
231.489
286.288
282.411
233.741
281.633
270.862
201.077
237.35
261.102
219.62
266.953
232.618
276.888
274.412
203.978
329.117
287.293
208.048
223.105
360.312
238.042
271.555
230.783
245.422
336.476
202.344
260.653
339.762
271.149
233.82
255.274
203.081
231.972
236.167
207.692
238.193
204.076
209.838
485.738
201.348
233.739
201.896
898.027
250.855
267.825
212.993
319.637
213.509
223.649
240.412
209.449
257.857
440.956
243.345
210.473
395.888
255.098
426.392
219.914
251.653
202.23
213.206
223.372
312.917
243.327
264.768
398.97
202.173
205.088
312.005
248.546
332.794
592.461
202.225
234.968
431.706
301.121
355.702
200.212
257.529
233.388
206.62
330
267.658
262.486
485.047
234.48
246.497
268.317
236.267
239.969
236.095
240.693
233.82
352.295
212.335
253.726
339.436
304.003
235.221
213.319
294.725
200.781
333.868
299.611
306.134
266.07
201.273
205.657
225.776
301.687
269.017
205.995
413.77
279.013
351.14
258.934
222.205
254.211
268.656
442.669
261.234
363.886
246.096
263.15
914.341
605.369
277.287
216.569
204.658
209.179
213.881
354.059
233.959
212.69
231.465
252.061
245.237
240.021
337.469
262.425
240.219
223.206
218.71
233.499
210.376
435.497
243.177
273.962
209.225
222.688
207.832
1999.61
329.402
688.295
209.033
248.757
224.749
221.763
936.478
230.189
204.558
237.219
478.542
278.259
212.092
289.095
253.57
350.862
208.319
269.444
207.28
204.475
363.109
204.961
346.916
210.069
200.499
284.007
210.571
283.443
223.786
234.559
460.813
278.068
453.238
880.353
250.761
203.204
549.883
277.854
217.695
316.119
235.245
234.644
269.765
246.39
222.308
474.408
243.514
244.712
270.044
220.615
489.77
220.971
252.28
358.809
202.054
336.027
301.944
342.988
470.78
293.029
209.11
382.92
208.12
212.306
244.229
220.769
238.692
275.289
284.975
238.187
211.54
220.801
220.091
224.593
385.35
251.301
261.132
276.342
240.851
290.274
477.582
207.942
242.107
239.848
240.672
335.169
206.903
306.015
204.67
325.774
231.67
329.278
217.867
232.321
322.158
267.529
430.05
447.38
249.966
218.096
224.537
214.371
220.411
224.428
205.124
329.386
207.757
274.29
621.419
209.323
318.281
202.549
226.305
209.862
285.135
267.966
288.489
233.996
213.049
321.694
537.04
209.361
269.371
206.25
237.655
267.227
245.288
211.733
217.117
225.468
229.98
240.803
234.115
233.109
250.691
210.806
219.62
217.775
212.648
208.926
228.307
333.113
271.741
244.761
208.95
270.233
200.449
207.808
446.416
295.207
300.854
212.252
295.347
251.49
271.282
340.3
444.619
237.242
263.936
624.352
462.092
210.701
323.986
224.091
214.821
217.49
331.999
314.469
202.793
311.893
210.297
210.72
239.679
221.743
263.065
255.982
205.947
201.065
200.893
356.91
225.768
294.61
271.658
205.404
262.414
289.258
358.211
222.668
206.39
270.074
216.511
245.546
252.709
213.832
250.549
230.009
285.051
205.154
324.497
254.1
246.418
257.952
264.276
234.544
242.448
392.59
290.383
274.332
232.42
202.761
244.585
210.012
305.58
277.849
312.824
235.151
225.652
239.01
211.249
271.893
378.29
226.927
385.85
254.588
266.876
212.706
310.068
243.994
233.487
294.683
217.49
228.569
202
315.668
221.438
201.616
219.322
203.696
216.562
231.132
224.239
252.672
224.381
210.995
311.817
383.035
203.322
267.32
261.975
360.733
249.974
220.42
242.883
268.73
275.311
321.42
436.164
317.47
338.234
207.634
225.167
212.269
242.365
266.479
606.174
261.597
202.022
221.172
265.281
220.59
216.395
284.666
254.674
200.97
222.645
470.782
224.404
216.88
284.396
603.071
309.677
220.322
201.822
222.304
216.929
204.502
298.52
251.267
389.031
254.094
291.103
212.071
254.498
212.817
468.979
251.887
317.657
217.474
201.715
396.331
376.581
250.378
240.235
219.606
216.143
266.653
244.722
211.939
257.144
242.664
395.898
441.187
200.477
237.306
227.132
208.514
281.846
256.107
413.694
306.038
213.066
204.553
201.802
214.469
278.604
202.193
216.476
244.092
230.757
220.878
285.295
212.779
278.91
268.099
251.889
223.982
216.058
213.204
353.5
254.211
242.842
213.167
248.855
233.242
241.371
217.536
228.355
325.074
338.494
294.988
267.243
357.421
234.117
201.104
245.854
401.408
225.293
227.392
217.764
280.517
220.776
208.291
206.158
245.41
324.238
224.613
241.868
278.797
232.149
306.914
209.019
297.042
239.618
246.499
293.155
211.941
249.267
258.287
243.134
461.021
313.712
230.959
236.533
398.962
202.509
247.024
497.515
410.35
340.979
220.946
237.596
226.365
205.166
315.842
299.722
626.424
255.025
274.013
212.283
280.667
210.259
297.108
203.435
224.916
301.617
284.521
285.682
498.155
220.783
294.245
238.644
292.418
396.215
260.586
232.725
228.213
307.286
202.882
215.474
245.727
303.755
281.613
204.88
211.088
209.633
213.389
256.529
224.071
224.513
240.824
280.261
211.237
252.278
294.766
212.292
308.11
216.252
205.453
213.293
290.981
216.109
250.232
286.072
225.987
206.403
247.915
276.859
271.354
237.259
346.759
239.767
206.461
466.621
230.662
257.303
264.56
279.202
214.844
221.696
235.809
231.113
221.707
283.413
439.065
207.405
202.771
286.939
286.868
350.237
226.555
671.129
218.497
382.872
541.53
222.326
288.711
244.759
231.223
264.851
215.998
272.899
328.126
293.416
207.241
213.476
277.332
210.658
200.619
287.416
221.646
242.217
208.792
212.596
202.985
259.139
205.007
241.404
218.36
260.946
206.519
208.528
211.873
240.699
264.672
206.795
210.433
213.895
378.549
208.375
213.099
203.666
222.209
351.615
227.761
207.099
671.689
219.775
260.306
325.995
207.95
224.114
203.873
216.809
430.929
261.193
558.091
267.647
211.644
232.882
359.593
211.182
245.192
217.709
218.05
281.272
200.287
228.924
212.398
210.483
259.401
284.282
202.62
1129.66
216.691
206.504
273.995
237.219
224.586
512.717
324.957
222.74
267.266
303.635
200.671
230.66
215.007
207.538
569.981
218.794
228.004
265.898
218.557
202.181
277.325
333.849
224.515
214.016
200.332
277.121
318.6
499.051
239.758
219.716
371.066
264.278
257.006
201.191
201.293
203.081
209.359
450.585
363.165
218.733
229.225
269.527
253.541
336.228
504.806
326.483
236.601
225.249
229.183
353.508
286.779
291.45
325.357
209.129
200.207
221.448
214.828
201.457
217.295
217.573
393.265
218.618
202.882
210.083
237.838
220.597
212.108
518.166
374.532
216.053
241.725
288.083
220.091
231.668
211.917
315.365
256.63
222.45
762.635
239.094
222.547
219.75
205.925
310.643
204.558
220.923
692.212
267.313
226.208
304.37
396.263
250.248
237.181
224.025
257.332
202.208
333.161
200.212
248.586
277.975
266.434
216.977
282.742
202.126
240.239
213.935
205.007
217.605
305.846
779.074
210.15
309.956
245.314
225.511
397.862
230.749
204.91
212.325
224.466
233.955
233.435
357.092
273.031
203.48
216.763
210.186
210.67
270.525
218.099
283.011
354.333
241.886
337.34
251.788
492.489
409.391
215.239
243.458
294.82
325.358
226.146
416.645
418.975
210.813
204.531
206.029
235.164
265.994
200.664
270.719
250.016
203.399
624.69
205.913
212.488
232.05
246.11
209.153
221.601
354.28
206.221
313.742
400.984
212.028
260.121
348.309
227.095
263.632
228.072
270.878
205.329
249.8
218.261
233.3
527.256
507.804
207.121
395.028
244.463
217.559
262.673
270.753
220.878
284.315
222.034
206.393
298.684
254.03
524.11
208.029
232.938
298.568
241.545
208.473
310.533
261.226
204.174
217.741
242.207
213.666
246.459
256.901
322.498
280.56
230.254
411.424
646.815
213.087
206.538
234.35
205.21
218.676
353.498
221.086
261.356
232.749
268.339
219.716
301.773
223.367
275.712
260.632
235.89
376.235
320.886
215.04
215.3
375.108
209.289
342.357
380.175
259.206
252.509
218.002
254.625
413.535
301.939
505.054
230.911
469.54
261.912
311.36
233.388
214.429
219.989
486.174
200.015
313.469
261.236
229.689
278.862
262.614
237.683
210.609
202.504
248.618
240.537
253.833
225.635
202.361
285.002
340.544
221.102
204.778
655.864
280.624
203.693
306.346
288.675
302.364
221.441
231.657
302.308
214.942
285.82
218.215
238.83
549.326
293.755
237.183
294.651
360.386
240.271
202.554
355.17
426.085
205.348
234.738
204.849
276.355
210.585
339.816
395.717
277.379
373.952
218.268
236.184
244.661
230.154
387.982
211.568
221.095
303.422
480.701
224.181
218.332
213.588
212.723
279.621
357.259
299.678
238.556
201.621
305.686
252.8
254.403
250.142
210.556
206.141
307.812
210.495
248.817
219.44
268.669
309.377
207.856
236.034
373.868
291.1
223.658
233.754
297.2
241.562
326.353
231.134
529.825
237.729
229.504
315.151
431.594
354.192
208.49
250.649
202.094
482.644
218.456
286.503
279.415
203.573
223.199
205.582
451.947
344.028
327.038
315.24
218.057
203.801
213.871
208.832
220.656
265.818
263.038
259.434
227.849
215.309
208.749
214.763
234.766
285.077
217.899
217.757
486.197
333.497
757.337
208.113
254.262
348.903
269.184
242.675
318.294
233.234
218.195
221.432
255.638
760.221
261.807
210.533
210.438
205.692
200.187
311.487
241.257
204.658
381.139
332.923
229.826
205.212
611.11
207.179
267.303
290.179
579.029
262.72
308.143
234.128
211.282
229.065
231.363
248.095
265.467
234.322
220.907
276.585
286.763
220.518
224.909
225.384
248.713
440.938
242.396
262.114
208.943
255.09
277.651
483.355
234.117
246.832
259.359
210.033
221.815
232.448
220.524
234.329
386.267
216.134
221.317
227.93
211.743
329.964
278.476
216.4
282.708
244.747
292.983
244.792
369.294
214.21
258.5
233.478
440.749
232.968
210.556
489.712
251.01
229.617
383.904
206.645
217.715
256.926
234.041
213.387
273.699
254.287
248.455
207.338
230.545
205.869
281.979
269.288
210.775
314.684
254.955
421.325
250.735
619.01
275.193
208.607
203.268
263.96
241.282
233.287
229.367
237.089
365.242
338.575
423.65
297.688
262.498
213.888
256.455
292.913
301.297
227.121
275.129
232.895
238.455
305.339
244.152
258.372
208.911
210.433
277.649
227.064
262.92
334.964
232.332
244.947
333.832
320.969
208.437
336.009
224.41
314.056
247.299
264.32
206.637
219.704
203.536
210.998
224.194
205.207
212.059
286.93
293.477
203.752
219.274
317.028
946.79
201.747
200.489
233.191
468.775
258.581
229.848
207.861
248.022
474.784
277.361
538.3
311.671
267.533
305.619
251.921
202.425
204.895
305.062
273.675
267.66
289.206
212.113
440.617
247.596
222.214
322.938
208.36
230.311
579.855
299.027
268.784
206.378
242.979
213.155
226.934
222.731
213.593
228.79
227.644
222.672
527.38
336.016
250.587
200.422
323.214
215.135
317.802
303.923
219.474
310.715
218.238
432.251
224.332
204.421
252.618
408.536
423.685
212.584
292.771
217.007
270.708
229.34
249.54
312.861
370.616
223.799
245.589
298.054
446.493
242.535
215.824
718.333
228.664
642.831
224.698
287.932
242.353
345.275
204.257
210.801
485.16
314.15
227.932
285.347
379.013
258.799
250.571
218.628
469.45
200.38
205.436
206.284
425.942
217.359
217.499
366.202
216.94
298.968
274.94
248.367
209.445
217.348
309.916
200.17
356.046
589.61
236.567
238.843
362.73
202.988
244.373
671.093
273.423
472.863
218.291
225.262
237.401
310.221
204.856
399.372
1009.8
216.483
203.833
343.78
246.68
218.05
232.106
239.637
200.282
250.312
294.525
204.189
205.922
202.564
334.428
236.337
253.963
252.646
406.725
686.369
205.18
260.423
234.463
207.249
394.789
255.996
221.678
237.657
263.281
278.403
226.391
284.501
261.419
223.752
221.192
333.877
299.977
277.372
230.25
359.862
819.126
256.105
569.462
254.443
202.282
320.964
228.768
202.433
229.484
250.348
222.272
359.082
214.779
213.467
331.035
258.234
243.895
246.039
228.206
244.168
264.269
224.987
287.082
257.699
565.831
232.815
223.426
451.236
327.931
231.646
263.822
619.317
216.654
313.316
242.751
253.614
247.986
458.274
291.758
201.814
207.085
204.795
357.326
214.341
217.414
385.964
203.713
249.329
254.175
210.813
550.005
250.408
222.205
210.19
246.161
630.57
206.465
256.476
208.334
272.015
201.648
240.423
216.49
457.806
209.468
626.297
235.126
205.137
267.453
352.668
230.206
204.973
291.172
209.024
232.542
350.274
219.895
216.583
318.967
208.811
221.463
262.395
237.112
253.057
263.678
240.067
235.094
204.154
268.432
229.917
661.739
204.534
232.88
241.864
293.741
208.192
257.189
278.564
211.962
215.537
251.986
302.167
251.8
283.425
256.47
231.486
500.477
221.617
293.222
211.256
227.963
285.072
261.232
436.462
221.066
206.415
205.044
202.832
201.147
217.917
207.812
220.286
213.059
320.459
576.42
318.398
231.082
205.862
224.862
387.622
222.459
214.681
252.085
207.386
211.201
218.078
204.105
393.008
208.449
258.345
244.91
227.227
200.529
210.236
206.102
207.921
459
325.46
202.171
203.897
234.453
227.214
273.741
314.863
285.927
600.188
229.722
345.871
256.303
266.184
258.366
209.311
236.842
275.449
253.164
204.098
243.688
204.529
394.715
246.581
201.609
367.927
368.664
349.511
228.208
206.932
399.046
240.221
226.142
287.406
274.683
225.814
213.446
316.338
276.684
273.068
224.671
359.391
