215.202
290.274
247.077
362.402
349.158
466.809
329.188
200.893
419.438
270.44
210.392
249.157
207.014
200.04
253.103
391.285
260.438
587.048
211.927
587.496
219.789
224.112
629.301
219.059
209.416
255.615
210.708
201.211
215.662
233.538
606.81
271.739
264.723
268.524
229.541
220.561
226.927
460.496
224.818
203.578
373.774
270.189
257.435
413.501
207
206.284
252.775
353.084
200.848
215.937
228.046
273.112
236.941
305.01
216.227
209.177
218.245
202.514
276.373
232.502
201.035
265.628
245.135
216.686
227.969
253.831
400.362
296.633
219.529
324.748
374.176
219.818
219.882
297.436
233.805
203.458
200.492
420.71
374.091
201.216
211.317
207.348
300.658
220.298
340.712
221.14
220.749
230.172
295.008
204.387
207.058
278.225
252.395
207.555
440.746
210.509
201.373
216.16
211.618
201.41
219.344
211.052
222.149
241.158
216.335
384.627
215.1
239.454
262.501
215.028
434.065
205.874
204.157
230.534
211.698
239.66
202.341
237.076
237.954
208.499
317.043
228.267
214.73
323.296
200.387
216.372
263.067
384.031
203.448
399.031
248.449
246.694
219.201
315.295
200.517
237.053
208.962
221.883
273.569
208.878
227.317
229.571
820.599
234.87
210.019
211.187
227.568
391.335
212.047
313.952
233.217
245.239
210.635
284.851
284.25
435.068
217.124
219.11
213.181
358.784
220.611
200.741
245.831
223.817
262.494
1699.08
277.559
254.625
403.813
249.738
205.694
203.372
215.91
249.335
295.855
204.536
295.412
328.466
501.19
224.535
248.367
207.564
206.4
209.103
206.795
351.528
408.31
236.43
456.05
274.88
283.272
203.507
771.208
285.578
218.952
222.612
392.134
366.407
262.739
204.492
261.174
377.85
292.231
220.014
241.012
208.964
371.856
226.252
435.095
334.392
204.309
332.324
206.649
201.241
359.628
209.726
204.323
229.116
215.627
422.633
222.948
387.919
252.05
207.598
209.16
290.152
357.828
221.438
236.104
244.51
390.594
297.538
325.589
365.766
210.209
229.937
257.963
201.604
456.513
258.292
494.493
1136.54
203.145
327.293
218.351
361.129
246.022
328.722
345.626
307.207
219.481
641.16
204.482
283.53
291.625
904.755
379.138
204.414
339.709
253.695
215.504
236.523
202.921
238.571
228.886
232.938
203.728
241.601
210.452
274.432
221.633
203.443
234.691
233.731
315.243
202.887
700.64
237.091
218.454
234.476
306.023
242.332
239.389
222.371
278.482
556.502
270.311
231.147
279.641
362.999
207.063
245.628
455.476
217.718
218.735
315.56
492.582
485.364
1206.96
207.311
237.718
207.694
355.407
219.381
239.656
259.006
208.528
203.86
406.375
381.265
235.947
217.108
207.492
280.439
210.083
213.075
207.523
313.289
686.406
232.164
213.263
244.929
256.074
213.106
207.649
212.911
406.213
250.102
310.929
209.986
216.287
383.163
278.227
208.581
212.116
229.236
269.236
259.636
227.614
213.415
251.494
231.417
291.46
263.213
710.653
216.753
239.802
310.728
325.077
438.983
220.511
292.652
209.745
257.62
212.612
207.678
211.705
243.475
221.49
200.881
537.464
611.698
231.664
254.839
295.083
230.617
239.079
238.048
216.222
410.725
263.078
253.998
367.732
425.084
247.109
297.935
233.36
210.761
219.144
211.265
308.167
218.046
211.913
225.304
1447.91
485.172
274.88
206.516
272.525
213.769
200.751
254.165
207.326
205.881
321.552
229.382
227.572
272.951
275.766
245.819
334.821
232.441
281.816
348.478
237.323
223.573
207.911
228.996
217.092
226.442
212.969
264.74
348.53
245.175
220.81
238.206
267.2
214.385
258.079
341.217
239.827
278.568
401.77
283.651
275.509
204.846
260.992
242.122
331.252
269.735
273.81
260.473
360
331.801
260.973
292.226
243.403
214.264
223.497
500.783
243.191
246.564
218.998
305.226
270.79
247.574
241.249
764.913
349.422
423.868
213.883
358.463
200.769
259.528
264.571
201.794
284.345
257.002
223.41
366.82
275.841
298.069
340.498
306.751
581.055
221.822
200.886
225.393
219.483
308.655
202.941
220.347
230.584
307.008
227.853
275.692
445.899
205.434
601.649
223.56
206.647
250.016
231.944
213.682
215.52
272.362
430.486
212.33
387.602
216.086
272.855
268.214
226.148
295.85
273.306
233.609
228.795
427.133
338.55
250.934
404.867
255.967
275.438
224.442
396.612
211.726
218.868
225.104
206.628
208.139
529.165
262.282
215.263
260.196
247.469
226.374
216.407
203.875
255.736
245.634
207.159
222.495
341.192
324.563
207.942
230.189
365.792
227.772
313.642
230.204
292.067
236.053
224.15
322.51
272.184
351.336
325.595
202.517
209.165
233.38
291.235
244.947
293.106
360.891
247.121
256.759
430.05
200.449
298.28
228.491
224.606
486.264
215.393
254.35
243.434
476.814
225.342
212.643
229.38
359.921
206.56
216.15
238.013
343.109
227.855
326.052
208.243
288.837
252.535
207.215
238.113
646.371
251.899
369.203
279.38
397.688
214.068
272.577
246.144
244.283
209.366
296.086
280.681
509.213
497.788
223.379
333.756
203.887
509.309
570.761
293.733
267.963
270.281
206.114
233.054
238.539
215.335
279.571
264.741
210.362
218.28
236.521
244.616
352.902
596.64
409.125
267.698
201.271
291.621
269.338
512.437
246.579
225.852
238.443
219.461
311.824
249.062
219.552
256.215
329.566
236.432
238.086
264.239
267.531
293.104
229.192
201.591
243.678
227.165
211.516
239.128
276.604
224.009
266.004
223.28
236.84
231.363
316.16
351.52
263.708
205.256
207.567
288.338
228.727
200.749
386.492
255.265
360.624
233.017
204.529
491.349
460.556
460.888
222.993
245.734
213.668
271.776
228.375
201.936
207.56
204.898
306.266
251.929
217.885
205.271
223.161
206.143
257.564
209.316
203.408
220.531
465.22
294.262
316.519
286.613
237.777
308.968
305.392
244.726
351.245
307.534
318.079
260.91
294.668
227.473
264.032
290.758
202.924
208.127
281.13
355.02
206.72
200.432
354.814
350.031
246.165
211.216
480.819
252.519
253.511
205.971
205.704
291.443
210.87
214.958
370.188
279.65
324.903
409.828
270.799
245.173
226.221
366.4
208.715
225.537
225.227
232.506
228.16
213.408
330.699
203.086
209.881
245.149
412.744
252.087
203.887
249.449
339.682
211.894
417.158
372.909
363.297
318.355
232.037
250.972
232.019
236.428
229.299
205.687
226.181
235.597
241.878
246.069
324.675
318.839
218.596
222.461
306.684
1229.62
246.743
210.043
211.007
240.608
203.431
272.27
210.371
387.457
299.545
321.49
273.949
280.107
269.186
210.863
206.838
273.353
443.437
270.819
223.336
211.457
274.86
215.852
201.025
271.369
245.76
381.709
333.886
313.86
295.601
242.959
202.973
210.673
255.633
237.295
899.413
288.844
271.505
315.371
249.816
393.388
275.757
215.014
201.628
231.698
255.728
405.719
303.967
268.563
237.485
205.937
334.081
252.545
203.14
214.751
226.212
250.352
232.48
272.784
575.87
230.567
237.386
237.561
300.716
214.865
205.137
277.739
204.939
254.925
233.681
235.93
204.907
246.702
338.151
321.501
301.985
210.855
261.025
283.343
222.218
221.278
322.707
235.051
201.762
728.805
267.881
237.287
230.517
239.155
206.596
302.559
396.461
268.244
240.239
306.325
224.118
293.818
208.483
280.872
339.947
211.109
363.044
209.53
221.587
602.925
215.139
204.406
243.442
225.244
658.134
201.206
203.796
255.188
307.683
314.695
222.724
250.466
300.834
281.808
236.996
216.169
297.451
214.014
214.937
348.54
205.465
241.895
227.357
239.056
206.957
202.472
299.002
277.714
309.829
240.466
309.141
301.465
206.659
225.657
333
216.756
268.771
217.325
227.198
223.354
441.86
238.325
385.524
401.927
337.102
329.575
290.522
221.346
205.302
206.049
860.458
278.736
326.435
298.454
211.658
276.071
204.746
249.411
317.422
308.655
226.181
257.686
207.181
241.959
286.218
332.95
297.58
213.663
200.425
280.539
330.43
221.133
444.045
204.228
341.846
216.952
433.055
343.917
212.659
247.265
205.723
270.95
229.052
262.62
302.742
250.412
222.529
262.141
247.273
244.941
654.518
269.13
201.643
219.333
204.946
200.425
224.753
238.717
260.519
315.414
429.192
213.457
308.872
267.627
429.621
205.611
290.271
236.704
240.352
211.009
275.819
292.026
247.099
292.611
433.488
246.575
257.109
326.526
235.364
332.615
430.921
279.575
231.056
392.829
200.052
230.46
576.205
206.853
225.761
238.168
355.199
303.091
248.934
332.226
410.246
444.861
215.195
233.718
259.124
219.196
665.788
282.774
233.189
216.028
342.145
212.394
300.724
562.034
841.537
220.995
372.263
213.661
323.084
242.817
295.768
245.108
208.3
285.801
522.632
208.231
218.836
1068.19
227.875
324.241
572.887
209.926
214.229
219.645
207.316
306.443
231.804
234.757
253.385
202.005
278.482
220.631
279.954
204.436
370.139
211.126
250.172
308.791
285.303
221.267
322.084
255.762
254.582
202.529
343.535
205.968
293.27
278.307
214.746
330.12
312.139
212.299
215.281
208.797
314.188
204.277
401.923
225.976
225.624
221.181
728.358
200.489
404.717
223.625
221.493
222.149
277.964
396.343
238.523
242.396
420.766
226.108
238.826
207.945
276.525
366.992
292
317.196
280.02
233.461
206.34
302.718
300.083
201.908
259.604
229.536
204.741
256.379
210.119
215.119
427.868
226.819
203.46
200.933
200.524
219.909
258.873
342.329
388.507
265.503
210.24
372.019
289.595
220.404
570.67
386.443
607.616
243.803
432.118
230.671
256.189
218.854
235.922
203.335
607.933
230.289
1419.84
224.635
276.906
261.364
275.822
398.437
329.762
266.721
253.006
224.582
234.828
216.127
384.37
297.242
212.094
230.057
206.971
200.604
312.637
230.978
215.425
415.201
204.355
227.728
252.18
358.962
202.267
379.152
560.642
820.212
209.864
265.594
391.242
241.39
272.051
305.39
273.34
277.636
214.128
501.718
246.931
202.448
210.998
231.045
207.43
384.091
367.483
209.158
580.043
204.358
215.622
431.734
233.257
285.188
296.081
323.125
226.164
380.682
220.379
360.942
266.608
243.668
655.005
1552.16
279.839
401.219
276.147
210.419
236.696
211.722
322.261
219.278
236.894
247.796
224.835
219.306
225.528
309.233
222.596
231.428
394.189
427.454
229.133
280.369
316.119
363.218
212.728
240.875
333.673
278.476
209.301
265.042
219.816
223.56
256.893
206.068
245.347
204.323
201.333
206.429
383.099
239.817
239.896
216.016
209.117
250.442
271.512
213.357
209.067
394.43
201.861
349.989
440.893
229.95
201.345
279.677
815.735
358.55
256.326
202.692
300.32
324.698
344.093
221.941
212.591
224.815
1630.7
371.449
297.469
212.262
202.507
264.875
218.669
214.947
240.16
744.709
232.043
265.443
245.157
290.947
247.415
238.688
225.107
388.478
624.804
311.08
213.773
222.374
235.351
235.315
222.25
321.297
302.137
240.689
441.052
222.675
203.081
323.34
217.444
353.652
217.297
244.755
310.839
239.518
390.404
231.495
218.037
217.846
765.082
275.924
208.324
213.668
219.415
208.101
254.774
438.994
399.909
222.717
243.963
353.132
203.162
201.07
252.674
220.54
238.497
258.623
279.372
318.173
207.99
254.635
288.172
239.243
243.173
215.177
301.09
203.607
228.843
344.436
313.204
269.492
316.656
318.716
200.764
343.526
469.281
293.721
422.575
205.968
207.921
230.924
261.681
453.186
249.409
240.433
277.382
296.961
220.703
343.674
246.723
223.877
235.93
213.028
421.462
210.219
254.933
242.981
237.512
496.926
218.79
471.181
263.955
253.537
244.569
266.107
209.581
223.743
200.928
215.005
394.58
292.378
200.142
266.19
289.178
352.751
335.021
305.277
226.358
219.303
204.252
253.902
235.077
226.502
200.072
213.998
350.238
251.95
201.08
205.65
257.15
245.002
250.412
201.278
261.918
216.956
251.895
211
213.977
680.83
273.675
202.035
201.601
206.449
202.109
205.903
301.246
236.387
247.837
338.09
1029.14
255.453
257.224
266.64
217.373
314.202
215.479
355.76
297.133
452.484
223.013
219.536
215.081
280.273
201.901
299.356
260.53
204.279
224.294
237.855
214.093
542.125
208.801
216.28
523.871
361.988
251.004
209.693
211.738
269.316
281.739
686.248
408.541
239.199
200.674
230.374
267.073
236.954
264.585
353.75
240.479
234.647
270.464
236.013
204.548
402.927
254.13
369.958
244.338
223.868
294.141
348.698
263.706
219.829
441.809
213.408
202.391
232.118
258.616
242.774
209.27
286.129
225.745
237.573
253.006
285.309
325.974
214.611
447.6
281.902
428.55
969.583
360.534
201.529
277.669
256.377
224.21
212.652
208.703
221.642
372.06
403.577
204.034
218.742
264.532
258.198
359.99
329.545
309.651
548.76
216.412
370.394
415.708
234.322
220.366
208.725
209.612
206.94
319.589
252.826
378.959
214.408
330.531
348.279
202.373
233.998
249.672
260.505
200.117
223.105
257.913
257.585
232.527
324.567
362.108
380.346
327.107
239.662
253.772
206.86
374.33
203.059
214.665
337.55
275.915
212.087
276.042
222.167
285.662
201.298
320.072
210.597
238.39
418.76
208.485
214.923
584.585
230.978
274.272
276.745
280.294
211.743
237.716
361.468
292.212
218.703
216.301
274.958
241.317
685.773
279.086
271.496
210.801
216.719
201.512
318.655
505.416
204.968
230.536
202.428
222.313
278.05
299.045
201.668
213.162
220.027
255.474
202.443
462.474
324.629
220.395
214.537
287.812
261.968
202.341
278.516
245.66
246.236
230.18
210.145
613.382
364.124
785.449
254.016
224.695
300.864
511.441
695.142
264.573
252.604
262.568
324.148
260.597
227.044
202.507
229.155
232.093
228.235
246.416
212.099
317.136
239.245
239.7
206.734
225.973
207.046
344.215
220.898
215.376
347.088
259.602
226.533
201.797
277.748
222.996
226.212
249.092
201.965
254.165
236.161
200.589
203.002
218.845
247.04
358.698
242.19
339.476
264
256.895
618.477
252.503
355.404
283.549
464.735
210.753
210.283
251.326
246.587
499.369
204.541
240.221
226.753
227.537
287.684
271.781
244.037
419.074
233.921
331.059
290.222
249.024
339.289
247.31
227.682
339.105
209.592
222.549
531.372
251.229
238.149
294.511
202.662
264.214
221.499
307.083
250.098
222.113
214.287
209.117
301.476
255.64
296.226
495.097
268.782
251.627
230.79
234.231
297.298
414.071
227.664
269.861
214.728
222.308
491.26
215.699
209.979
411.157
305.55
205.463
250.936
304.633
234.497
214.042
216.303
250.45
469.294
201.017
202.938
286.393
250.557
278.717
244.055
310.184
312.519
217.538
302.835
213.289
232.579
205.553
332.787
290.658
225.595
219.993
268.981
358.542
265.479
264.891
202.672
209.167
347.767
318.638
252.222
331.506
258.05
231.957
349.195
283.38
263.788
217.315
227.181
265.349
627.25
259.384
213.6
267.122
223.748
239.428
579.218
922.326
293.614
223.926
231.715
264.31
287.291
273.901
254.782
217.635
216.137
202.647
238.927
207.369
357.69
214.572
310.053
328.652
381.86
232.633
322.059
221.808
276.751
202.546
207.43
201.199
509.001
294.953
211.648
203.239
237.059
228.768
383.497
214.252
246.929
313.496
323.415
264.513
543.054
342.653
212.361
326.092
203.175
205.764
386.434
310.968
513.812
293.068
239.466
224.631
208.168
269.035
216.64
226.48
254.297
234.93
429.89
312.413
249.608
208.818
446.254
281.519
370.885
208.552
273.891
223.43
234.943
218.215
202.203
268.401
212.572
262.011
538.981
364.243
903.163
238.216
409.891
219.857
322.228
292.448
206.853
439.89
403.849
223.195
200.405
234.246
295.743
419.889
251.802
200.155
446.877
271.317
200.836
370.772
235.057
598.313
365.716
234.751
208.533
317.689
980.235
215.351
205.716
279.038
213.099
313.924
226.519
209.014
404.994
207.483
397.59
224.089
217.435
245.772
215.887
204.355
260.714
202.146
205.512
241.684
206.247
227.901
214.863
295.995
241.684
233.161
239.529
383.488
207.357
337.227
218.406
245.32
244.896
206.548
203.949
229.839
207.772
265.307
430.371
206.274
276.55
224.071
223.063
296.469
1127.34
214.159
243.809
269.881
242.79
442.173
352.173
1451.08
201.211
215.07
246.234
385.122
201.926
210.571
233.977
264.775
298.107
208.495
208.154
271.79
215.555
252.246
568.9
217.488
208.823
222.639
229.107
238.544
232.53
590.198
208.907
250.072
402.717
213.242
269.946
200.91
208.969
200.092
294.875
307.173
209.547
216.744
223.247
224.873
223.253
211.646
303.33
441.215
325.986
222.785
203.071
230.825
681.525
215.588
227.759
289.671
224.902
276.451
216.049
281.34
313.329
1009.92
216.836
461.739
252.539
211.301
209.545
223.099
577.684
250.222
269.843
315.075
269.32
205.11
658.588
284.234
205.188
226.601
225.413
224.818
228.987
252.792
225.666
294.878
376.298
275.025
382.033
216.529
200.457
230.909
502.256
322.382
320.484
275.289
241.547
246.081
231.815
330.265
699.287
246.694
329.938
270.496
296.798
210.373
215.339
908.78
754.09
472.886
205.572
274.195
244.461
237.112
315.025
214.135
355.452
919.551
295.44
231.812
216.111
309.569
238.68
278.194
264.053
245.624
305.408
201.067
389.767
302.548
242.112
239.52
214.9
261.501
284.724
210.392
267.843
242.52
224.366
278.672
221.624
259.249
852.411
240.485
279.879
200.731
297.575
211.861
314.762
214.481
735.248
236.4
343.645
228.639
218.547
273.075
334.888
212.544
336.217
286.033
789.125
219.495
263.61
221.513
211.601
227.677
222.038
228.029
222.825
200.863
320.699
255.212
200.177
325.652
266.931
204.795
342.844
220.567
249.77
826.714
222.407
266.942
217.117
260.398
222.419
221.885
319.446
264.736
200.385
231.087
361.32
203.069
229.896
207.183
308.264
215.256
583.875
1035.78
269.501
202.973
378.153
219.005
373.913
220.191
213.673
216.345
230.415
204.788
206.932
293.866
214.67
243.895
344.225
207.174
295.86
299.289
231.428
245.357
291.379
306.716
333.486
263.454
772.625
216.555
260.523
216.194
204.71
205.93
218.241
216.067
220.529
247.598
231.901
319.695
256.704
437.156
377.709
206.068
203.958
216.73
306.889
217.892
249.95
284.839
357.066
263.23
215.583
288.868
386.041
289.926
213.993
285.643
247.057
210.545
258.755
216.347
496.492
205.733
415.19
245.915
211.95
285.533
1703.29
226.923
257.802
206.446
558.413
287.79
204.306
266.73
209.628
308.594
211.896
284.624
242.605
298.153
357.941
395.101
238.933
230.469
256.739
850.076
203.539
295.547
223.605
282.237
250.753
217.041
373.826
245.856
268.723
304.619
298.798
242.359
214.206
304.141
261.748
256.051
234.361
260.152
264.479
258.372
226.905
377.009
214.166
224.589
291.1
242.685
201.38
990.232
395.347
334.082
406.151
294.508
207.413
532.067
371.578
212.497
228.333
299.713
200.005
260.674
312.688
236.713
267.137
227.98
257.666
230.489
296.513
243.446
259.451
261.866
261.545
217.986
335.841
497.38
284.826
263.127
202.82
342.136
297.325
275.549
328.589
215.209
376.457
306.08
277.861
727.252
231.737
252.242
207.439
248.264
202.754
204.301
256.657
255.736
200.716
1080.87
400.056
244.489
347.79
210.644
226.588
224.72
261.645
278.498
253.417
245.622
202.697
232.611
481.604
208.535
336.412
294.088
207.198
386.473
248.518
203.755
273.168
338.542
208.226
260.446
229.275
305.94
202.85
202.647
219.228
213.092
251.251
221.52
460.09
256.813
252.737
233.88
547.515
212.852
234.214
266.152
693.978
239.631
339.296
265.629
200.913
213.038
203.944
201.953
444.018
249.562
392.458
219.843
243.206
270.507
231.18
209.045
206.371
248.604
342.134
237.607
233.765
213.028
241.021
206.756
265.603
270.47
283.951
230.534
288.248
568.275
218.128
320.267
229.743
229.177
281.624
422.297
202.744
219.449
244.845
252.03
200.489
234.917
311.026
206.57
358.121
410.506
281.789
203.31
314.503
239.013
230.812
295.217
355.203
340.293
427.074
436.473
242.419
209.752
223.955
255.947
239.113
286.177
226.435
213.314
235.584
215.541
272.654
243.027
232.108
214.42
507.903
265.296
341.52
1394.88
222.511
217.998
221.991
244.24
225.539
212.285
262.01
219.693
302.949
222.185
439.786
211.452
288.571
231.851
283.477
202.583
481.398
221.689
291.812
224.002
390.798
256.794
212.864
245.935
204.233
351.983
280.398
609.589
203.369
211.059
802.701
382.953
327.275
209.428
215.093
287.741
265.153
253.482
292.937
218.39
224.009
218.025
272.099
200.821
248.924
225.087
252.877
243.189
355.338
219.023
201.504
463.463
330.424
599.606
282.772
276.177
258.221
256.369
343.699
217.053
225.768
347.681
208.012
203.133
275.608
343.478
441.572
477.843
276.586
963.246
233.619
304.335
245.408
219.183
511.193
538.93
200.559
204.69
203.214
215.021
212.193
263.374
296.064
309.713
259.929
400.473
359.071
397.12
448.019
264.365
273.894
251.376
392.641
310.854
252.927
232.603
260.854
204.113
211.719
323.031
204.421
426.706
329.135
236.449
387.48
214.399
627.865
298.349
241.355
213.092
229.689
234.175
206.514
289.563
271.483
228.976
300.744
211.575
254.551
231.782
210.675
413.462
379.884
255.685
277.233
300.118
222.468
295.444
209.012
235.304
206.058
244.164
287.157
229.615
204.773
500.136
897.48
218.103
257.736
211.705
251.092
335.085
276.72
249.666
296.079
233.673
472.946
288.891
212.137
280.045
322.101
343.446
207.147
207.266
216.832
219.199
329.198
217.881
271.82
235.253
1096.37
442.688
213.469
204.993
262.949
209.917
229.375
252.873
367.55
200.242
202.682
294.406
260.73
342.8
315.764
248.699
322.631
209.01
267.402
422.685
207.793
457.392
221.721
219.702
232.155
227.708
205.344
207.776
204.372
463.289
204.46
254.973
203.983
213.766
261.517
304.151
271.358
206.24
213.675
206.744
234.704
282.751
234.147
211.941
229.523
391.574
212.57
206.841
230.15
720.901
209.547
233.581
229.624
233.407
203.895
234.124
241.582
204.851
251.173
201.829
290.472
209.657
297.059
342.53
336.126
201.363
462.632
210.376
538.268
301.41
626.923
249.307
744.102
220.472
226.336
327.924
226.422
253.598
365.941
335.942
214.294
203.123
255.063
252.69
200.077
211.192
201.75
222.207
240.031
511.341
204.191
364.867
210.385
219.923
226.206
274.773
241.905
295.442
274.385
207.617
299.933
256.788
339.249
1020.18
206.545
243.9
262.642
200.883
245.569
231.385
203.701
236.055
279.396
231.836
221.163
225.078
236.54
206.504
621.435
382.641
226.119
414.67
243.506
579.374
200.172
285.764
227.886
242.561
310.871
205.331
261.706
453.021
369.483
203.45
274.614
215.358
204.194
331.427
211.974
261.534
391.649
212.822
329.906
223.3
205.614
333.59
410.939
202.791
286.459
243.502
331.694
253.154
232.394
258.478
200.005
200.858
257.639
342.354
2181.93
248.298
235.962
218.025
315.522
270.518
201.675
510.724
239.38
230.397
247.712
218.142
259.498
250.805
385.152
262.549
270.947
311.989
234.589
294.685
278.067
237.428
206.761
234.463
200.519
236.013
252.895
253.58
278.817
273.181
299.069
279.594
358.554
229.554
299.277
232.787
206.616
876.268
206.487
236.584
424.526
379.997
202.069
231.782
339.134
288.023
261.394
202.761
242.089
347.161
242.283
207.509
275.944
288.439
216.679
214.187
208.295
259.066
266.348
298.597
275.443
224.232
244.683
346.667
298.54
236.358
359.212
280.598
334.085
310.622
222.901
203.226
256.72
293.869
213.296
204.905
268.513
261.061
249.062
513.691
474.272
252.563
481.078
201.599
215.65
272.846
426.605
308.985
219.306
287.493
227.941
247.497
327.275
417.223
646.204
201.683
536.896
300.468
211.178
206.019
307.73
214.457
265.543
347.242
295.342
363.09
234.44
233.714
275.127
282.446
289.853
264.261
328.933
297.345
261.088
349.059
404.595
226.636
282.896
200.833
255.458
359.23
252.909
291.508
326.434
287.082
270.978
241.212
236.506
326.611
327.28
203.873
255.043
237.259
247.921
322.011
233.641
225.107
240.402
288.692
326.752
261.866
215.669
224.551
203.219
225.335
272.037
251.599
379.258
476.076
243.555
200.612
301.907
200.215
210.426
268.453
244.094
289.817
205.769
226.294
246.006
257.632
221.642
237.137
383.086
695.273
313.088
409.484
395.211
214.826
213.787
212.814
200.639
240.927
271.474
237.247
678.73
227.816
237.933
242.524
222.428
239.472
214.026
307.213
246.508
288.969
222.461
318.357
206.92
267.022
225.945
219.802
290.195
225.113
263.367
270.298
310.334
202.867
209.516
217.187
513.719
242.994
237.23
259.617
276.415
200.052
289.119
231.646
295.919
333.117
203.416
213.86
207.666
210.917
212.45
262.094
220.669
212.977
262.305
227.381
476.263
295.581
260.906
221.633
202.388
216.469
433.354
364.443
207.374
400.95
236.92
283.935
433.188
228.094
253.921
213.609
262.663
242.169
203.875
247.572
305.172
361.173
276.664
344.418
202.559
216.559
219.504
279.095
246.25
270.834
424.59
250.176
299.625
364.568
200.277
462.779
233.461
511.046
365.888
253.328
208.876
293.956
243.158
246.85
208.041
293.193
242.844
235.905
215.546
561.975
491.097
207.294
286.77
319.132
217.915
236.349
262.45
200.477
239.775
385.977
240.445
301.891
360.726
204.304
377.054
231.635
230.538
296.474
213.042
205.832
257.379
291.518
217.426
315.482
439.591
371.302
215.393
207.531
247.386
302.45
397.663
214.856
620.771
861.564
312.13
318.782
262.821
232.562
212.915
203.281
252.711
212.852
316.172
271.669
238.472
252.119
210.062
201.792
249.82
402.765
424.062
526.018
201.378
233.662
213.417
204
329.24
230.187
388.698
250.795
248.956
231.474
270.239
240.9
256.77
239.447
224.809
251.356
423.856
227.42
219.107
220.774
204.697
201.916
283.764
235.953
250.801
228.895
311.532
354.265
203.963
251.887
210.326
233.405
208.132
204.995
240.554
216.594
200.082
214.87
231.333
220.293
233.624
299.077
318.231
228.138
435.749
381.873
282.202
240.524
497.521
217.03
304.214
209.077
339.609
230.536
218.147
483.113
229.809
234.293
275.264
260.697
441.399
252.462
210.701
343.766
206.676
243.368
209.335
272.861
201.204
226.958
223.385
277.435
208.607
343.182
469.642
288.378
702.669
323.286
205.468
356.324
254.684
405.771
269.488
264.464
288.441
208.586
516.716
216.679
211.582
221.292
364.242
350.963
229.223
350.912
287.828
205.348
304.118
216.486
213.497
204.563
472.313
233.36
332.095
207.993
248.487
354.113
293.658
206.944
213.902
278.482
272.899
293.99
253.799
202.867
225.082
317.799
255.654
262.654
211.651
267.176
253.468
245.157
239.773
203.209
244.747
253.815
420.466
223.276
237.044
277.346
210.514
247.495
208.459
261.063
227.603
217.15
312.538
229.732
227.024
225.934
310.06
613.919
225.628
220.907
228.281
641.242
249.754
202.818
334.6
212.596
205.173
228.959
602.525
230.597
253.831
200.773
264.443
211.178
201.03
227.354
207.439
381.159
232.927
394.386
253.464
503.683
248.988
287.58
228.926
277.824
220.125
208.408
303.157
334.643
238.258
201.542
396.194
225.617
208.007
223.435
248.347
208.012
332.111
227.33
294.374
346.019
213.34
213.138
227.295
330.226
276.373
210.972
210.991
240.668
478.987
205.283
338.864
250.633
449.459
223.428
246.793
237.051
202.089
344.822
381.958
371.562
211.343
216.679
216.799
236.835
226.643
205.456
315.417
236.432
270.572
255.149
402.697
228.015
302.113
254.163
263.448
201.435
361.198
236.364
269.325
229.017
255.035
232.108
268.459
381.826
212.094
240.817
447.624
215.928
220.803
443.027
439.802
274.72
387.976
445.167
272.074
217.426
235.113
200.442
435.247
201.678
559.836
298.428
280.223
306.366
207.639
274.949
218.877
250.589
253.787
224.45
237.135
209.94
273.353
273.679
276.411
200.125
218.607
421.659
250.092
295.32
231.409
206.79
346.774
233.953
273.536
313.235
203.922
410.791
307.412
204.039
264.396
201.224
286.43
214.086
272.844
216.919
213.764
212.021
279.979
293.879
236.078
380.909
203.968
238.87
205.682
235.068
266.711
292.834
256.988
222.092
254.464
204.331
327.171
250.014
322.555
529.88
354.82
267.09
224.982
217.594
208.66
223.143
220.12
410.428
257.692
227.165
270.357
227.458
746.311
332.351
256.794
282.494
289.27
202.867
222.097
281.185
211.152
204.25
235.911
292.233
275.127
200.459
247.342
206.94
238.468
355.673
254.155
205.151
260.273
200.826
315.184
297.424
295.77
340.138
632.884
247.917
226.885
260.707
200.602
210.851
277.804
246.305
237.205
607.49
269.598
209.943
249.856
223.524
217.816
327.649
515.008
222.342
208.365
322.954
285.263
428.928
212.104
473.383
269.206
250.821
440.057
247.342
341.899
466.739
206.833
237.533
218.408
226.592
251.225
226.837
256.922
207.836
286.606
214.397
201.326
200.347
488.821
247.394
271.906
223.951
274.06
309.189
214.427
244.743
405.4
323.28
246.039
207.911
211.804
240.765
202.131
200.519
272.239
290.148
240.133
238.359
223.477
274.255
541.66
272.586
231.279
200.087
274.769
366.277
264.994
212.974
422.204
280.957
346.974
271.855
202.195
217.502
230.428
264.586
258.143
364.343
259.156
251.366
298.536
213.258
353.119
205.146
252.075
248.065
395.521
278.171
251.595
270.056
624.138
225.486
927.642
216.072
570.699
299.403
284.538
271.12
393.437
238.703
351.726
212.998
201.204
235.119
247.869
284.322
283.78
221.054
371.248
564.826
201.301
291.829
208.091
377.6
242.872
215.193
221.009
249.534
274.767
275.042
286.065
249.261
208.046
239.374
255.255
247.617
383.945
308.527
279.041
293.128
332.776
267.041
244.92
292.411
231.562
306.866
369.504
293.379
211.471
273.814
250.008
358.576
542.433
233.232
204.267
263.534
287.345
354.339
233.726
221.256
210.836
224.626
290.883
254.389
227.719
244.657
203.428
256.209
222.791
229.867
548.245
201.196
391.46
206.412
363.557
222.414
247.247
209.323
382.927
393.484
285.907
228.81
236.282
247.869
246.935
287.607
393.997
260.755
424.536
373.204
419.971
270.159
221.863
393.509
270.561
380.547
303.918
221.353
215.465
252.006
311.945
356.133
279.809
204.746
362.902
254.759
510.343
201.273
550.79
376.602
232.611
395.511
204.198
211.289
409.409
284.491
230.567
212.662
200.594
214.928
220.25
204.088
209.738
334.224
376.059
205.044
291.489
203.133
260.258
250.793
206.403
201.564
257.752
225.608
282.616
236.947
345.378
227.934
230.219
200.145
255.752
207.121
262.431
955.484
351.148
338.418
467.963
265.1
238.908
226.758
430.551
215.079
324.228
236.428
221.939
223.074
212.659
277.072
208.442
201.035
237.887
231.635
213.167
220.919
255.627
200.235
236.106
324.845
240.68
348.267
447.591
200.365
206.26
274.295
276.792
351.659
220.751
214.884
201.668
232.121
267.322
248.129
282.641
207.719
217.138
247.917
317.671
268.555
204.504
224.847
374.775
318.892
202.373
574.142
232.289
245.951
205.735
261.822
202.134
221.957
223.428
220.631
615.429
295.19
482.785
217.085
416.219
393.221
421.328
343.188
276.228
301.942
218.893
374.9
202.761
215.604
281.197
231.508
223.132
249.118
220.161
225.502
229.765
260.075
268.272
267.578
264.481
310.496
202.606
211.707
316.165
208.95
282.523
217.635
216.423
285.417
321.635
368.17
214.327
566.742
320.551
205.078
228.499
202.911
284.989
228.066
250.857
333.78
233.347
273.243
229.478
351.288
203.612
210.419
429.219
204.397
324.7
283.679
431.275
353.473
201.958
349.906
255.053
203.639
268.987
202.069
270.302
205.966
206.044
210.093
215.669
201.742
208.535
233.863
209.69
224.602
259.484
313.286
211.071
237.96
242.173
803.556
343.136
236.692
314.574
215.646
214.415
225.951
217.532
223.685
200.065
648.551
213.86
308.097
315.036
437.437
206.973
311.83
237.962
224.962
264.097
200.671
277.393
243.214
230.523
268.939
233.024
216.896
206.688
278.919
227.653
207.841
220.88
203.224
311.225
278.025
294.859
308.892
415.841
216.183
242.979
246.071
284.686
262.604
215.567
323.898
239.406
242.231
241.336
239.426
207.966
761.691
201
287.753
249.894
884.206
226.334
310.838
272.382
237.91
207.463
227.546
267.464
356.449
264.401
323.356
285.585
228.766
201.219
560.844
475.759
209.112
236.719
428.063
207.077
221.752
251.978
261.744
258.43
248.028
209.189
259.012
360.437
483.505
228.786
280.091
338.956
248.892
201.065
201.445
217.108
217.777
366.208
220.125
202.926
509.983
225.841
239.314
297.51
225.969
202.635
283.279
323.357
206.93
246.953
212.031
339.374
206.121
310.723
292.6
210.514
345.049
277.491
216.088
208
222.549
209.814
227.517
282.149
477.58
252.711
205.071
243.711
280.162
216.982
231.664
360.604
332.053
246.343
252.917
340.31
391.302
205.893
201.943
316.676
319.698
210.806
220.567
211.258
253.563
205.005
266.865
202.408
200.397
414.911
201.844
359.566
236.544
312.971
207.95
304.585
208.238
799.982
375.144
239.316
288.588
312.859
203.85
236.117
210.324
258.594
308.524
200.527
259.449
538.695
273.85
365.158
246.654
229.658
367.189
282.556
204.287
750.901
214.395
299.319
257.189
288.701
243.895
414.902
243.857
281.556
467.508
218.016
250.583
316.331
201.539
257.527
319.442
219.018
297.219
233.662
217.101
316.011
221.02
243.6
254.356
214.259
280.929
206.804
238.514
202.845
316.275
239.416
226.773
224.744
231.273
218.765
234.921
300.638
213.593
313.026
237.053
267.483
237.88
245.772
275.92
242.178
272.143
218.6
354.958
304.069
200.978
208.72
349.823
273.218
564.463
213.815
201.514
263.78
263.169
684.426
272.072
366.206
263.154
209.75
234.09
201.137
297.274
202.803
254.136
225.816
279.088
232.815
250.238
224.201
284.326
228.572
278.103
227.811
303.674
256.881
202.828
216.315
212.353
271.792
272.721
225.389
327.245
350.298
215.253
574.631
346.779
290.443
721.253
200.868
214.355
216.211
226.34
266.466
350.883
210.271
256.462
250.17
219.795
249.323
299.154
236.93
377.563
270.176
207.697
213.021
374.333
213.289
240.181
248.052
205.509
263.955
237.124
541.679
232.121
1136.95
384.687
287.983
211.542
294.983
366.326
201.462
244.992
302.409
246.445
247.677
283.025
230.443
245.638
274.844
294.476
314.506
245.216
501.755
204.23
381.463
200.684
321.009
248.514
214.285
632.427
226.018
284.896
503.665
273.366
332.008
206.582
224.511
206.146
418.38
247.701
209.969
201.109
404.087
231.219
277.386
263.854
244.303
367.325
220.13
206.497
207.389
231.227
213.258
264.21
420.282
278.413
244.61
500.323
220.018
255.082
362.862
392.617
228.493
302.751
286.786
276.973
308.678
382.375
220.638
352.121
202.746
231.353
254.14
207.719
216.49
226.265
211.521
226.561
246.29
333.069
229.092
423.181
237.43
605.538
211.194
262.768
246.087
292.923
275.187
203.177
357.129
331.073
273.103
251.34
358.732
216.002
206.521
273.659
226.097
255.494
266.235
242.957
236.989
396.868
248.894
204.573
224.973
218.655
399.96
265.665
366.94
831.049
250.466
201.581
205.988
440.065
261.503
202.208
236.028
275.929
381.515
236.013
260.689
212.061
203.838
340.24
285.974
204.741
229.874
244.634
206.504
209.39
228.414
275.879
214.951
211.825
389.548
233.737
252.202
308.717
209.721
237.676
251.533
382.305
402.501
210.701
226.859
291.866
374.649
203.514
204.976
220.611
218.417
332.139
341.311
214.602
204.536
234.642
206.313
205.063
290.517
229.122
522.811
204.551
217.435
208.902
253.513
425.946
258.07
260.234
206.72
230.599
230.968
216
251.728
372.733
242.85
203.022
210.583
213.757
541.972
223.457
211.665
211.61
313.192
201.789
227.273
233.452
212.466
218.696
320.236
212.426
358.346
212.012
232.807
504.565
335.094
200.599
257.373
240.911
257.952
210.212
230.304
268.939
210.77
209.595
277.863
340.538
259.64
202.643
236.846
362.735
260.361
204.763
213.183
210.768
324.083
318.234
258.167
263.697
616.636
244.219
485.474
290.691
607.852
256.538
272.868
372.968
501.808
256.969
222.596
453.055
292.308
268.419
218.101
221.808
224.118
249.187
233.32
250.148
651.187
279.301
251.09
226.566
225.672
215.047
238.638
202.045
240.616
294.897
266.37
266.008
377.11
221.637
241.386
200.415
353.582
878.722
215.225
264.925
375.971
215.095
258.552
282.908
295.545
425.533
401.979
396.63
343.78
225.606
425.305
375.997
217.175
275.739
217.702
286.974
259.99
246.089
410.768
222.636
203.138
221.109
213.991
227.28
276.857
229.987
253.385
201.842
254.177
652.969
212.021
451.706
275.875
421.51
351.11
205.526
225.249
224.301
286.01
260.386
562.956
271.085
219.513
316.165
209.129
211.537
210.59
211.336
238.615
282.958
207.401
226.98
363.401
258.907
232.461
251.106
203.62
201.162
220.388
515.036
404.858
331.119
276.622
225.402
219.116
226.793
204.656
492.403
240.21
284.473
201.814
637.086
202
220.111
206.17
262.661
251.913
614.172
270.157
215.009
234.632
345.403
300.791
217.743
248.763
209.993
269.839
506.925
388.774
285.895
223.915
455.829
297.192
276.259
225.302
429.214
210.682
267.494
482.747
201.477
258.122
200.886
202.832
290.427
201.653
307.875
237.68
403.341
218.541
227.649
376.49
274.935
2222.93
213.143
247.861
210.392
274.292
296.796
215.047
201.626
253.085
353.484
352.922
310.72
224.071
721.218
239.433
304.048
264.747
350.716
397.433
242.891
331.358
338.808
203.002
218.842
214.835
219.233
250.699
229.227
201.219
209.16
204.526
254.678
205.234
399.934
218.801
206.002
222.385
204.548
597.961
230.604
332.263
200.818
303.646
217.766
203.283
235.57
288.17
241.458
267.017
345.534
203.767
523.202
207.589
214.891
258.956
243.321
207.466
259.79
201.388
512.921
217.61
259.836
270.961
504.76
228.591
213.733
350.44
235.087
408.682
294.163
299.261
244.487
224.372
239.151
239.052
203.865
203.519
383.794
204.235
279.21
704.663
325.725
308.963
206.669
241.238
451.114
284.16
290.782
212.391
377.145
453.774
493.203
209.464
354.309
226.009
280.562
252.709
250.256
247.259
246.313
349.288
257.649
306.619
257.313
302.967
213.422
203.374
230.209
466.034
834.535
259.405
241.241
424.841
1378.11
752.566
205.158
278.169
204.595
245.177
295.303
246.542
266.424
790.727
228.825
219.786
240.481
221.357
382.649
213.605
213.907
212.984
224.571
301.4
288.844
209.747
204.558
270.573
208.658
201.829
222.101
270.148
202.111
226.729
345.734
282.34
236.025
254.543
239.289
327.887
361.638
226.599
207.562
268.803
227.084
347.4
438.724
200.866
213.228
216.67
292.669
306.535
205.124
276.163
239.205
305.552
294.413
200.559
238.361
206.187
224.553
203.58
209.268
245.965
225.22
277.094
202.512
261.333
236.349
226.069
250.894
473.228
212.464
204.771
346.42
213.267
234.019
256.731
254.494
205.414
331.852
227.183
269.199
261.01
226.885
224.562
211.007
238.466
328.201
246.203
258.994
320.048
281.322
236.366
519.911
242.343
294.486
217.865
227.664
292.916
336.877
284.287
446.521
243.649
430.843
257.393
202.613
316.421
237.821
297.664
226.775
549.141
338.508
485.788
352.335
214.97
202.966
360.652
215.339
216.499
210.696
243.658
210.102
274.854
270.422
270.187
289.22
547.833
608.498
301.374
371.626
238.006
206.768
244.145
277.114
222.29
217.635
308.483
200.435
254.876
294.274
385.857
440.959
259.625
246.372
228.423
348.788
200.654
284.13
214.928
271.941
277.917
205.968
220.12
235.657
478.13
334.1
216.368
221.872
216.592
231.83
252.305
261.536
211.847
215.673
255.75
280.473
275.323
536.531
561.816
227.068
221.199
210.908
200.811
319.172
240.454
230.595
235.419
231.076
220.878
225.783
346.837
290.974
479.833
431.169
200.205
266.124
202.601
230.278
207.8
223.423
414.531
392.922
216.432
226.769
274.285
268.799
211.173
342.815
222.218
221.208
204.944
239.792
353.904
354.519
215.307
287.141
422.116
950.445
204.646
359.885
201.005
281.746
253.596
341.092
296.255
201.268
315.17
229.967
217.548
228.664
332.334
235.449
206.833
211.785
479.999
316.844
228.094
238.46
206.097
205.837
216.134
275.478
670.113
254.886
209.48
213.084
227.673
298.908
216.019
203.833
380.004
224.949
437.304
873.503
208.602
237.832
230.519
204.504
220.722
1781.81
1011.4
239.789
483.684
257.701
206.986
397.544
200.741
278.191
275.471
283.834
201.07
244.894
265.454
200.696
269.513
207.29
307.807
228.569
472.718
228.237
273.768
311.204
241.584
236.163
267.127
252.911
568.909
416.779
238.434
251.187
254.285
210.371
411.847
593.088
211.825
417.405
316.585
349.457
206.932
239.796
302.891
202.134
222.178
470.19
337.664
345.01
222.146
219.827
250.647
211.362
248.91
221.364
254.112
619.023
361.733
236.586
206.768
268.565
222.302
379.165
205.55
373.379
222.832
280.005
202.837
204.922
247.217
383.056
229.8
318.839
509.602
256.959
266.28
507.789
253.164
388.355
329.055
255.836
208.78
252.387
286.81
256.525
223.781
526.961
246.065
294.942
630.889
336.868
451.581
212.937
252.602
417.866
250.709
221.817
277.033
235.145
283.134
201.383
436.291
259.582
384.788
329.024
220.986
476.965
205.604
230.66
239.257
309.433
246.834
272.918
400.39
244.195
213.225
214.25
225.719
375.863
223.578
286.484
282.832
404.471
238.462
202.719
253.434
201.336
229.14
504.568
246.193
204.323
202.726
369.375
287.832
251.299
305.416
201.695
274.321
956.154
611.372
261.88
261.587
244.057
255.341
265.109
257.769
295.205
275.783
217.43
238.623
228.377
233.57
305.156
231.054
239.581
339.432
660.258
711.682
554.95
331.738
201.918
238.722
333.892
227.022
599.333
229.837
220.697
212.353
241.642
423.393
310.969
219.224
202.645
344.523
207.034
278.374
217.134
205.054
297.143
268.712
239.85
211.665
620.631
246.676
283.178
201.094
269.227
314.593
277.184
267.907
232.899
282.705
260.015
215.026
749.155
352.675
298.33
240.83
484.278
229.876
295.645
230.499
339.15
988.978
222.284
270
229.447
232.108
227.376
260.329
209.514
221.766
258.296
487.6
202.099
212.158
233.506
238.174
237.097
203.971
266.576
217.619
346.694
343.827
303.191
227.592
258.445
212.462
258.382
209.33
257.272
249.393
213.242
248.646
319.695
299.261
218.371
227.09
272.626
391.36
250.398
288.179
617.999
547.373
269.256
316.198
284.649
294.844
438.452
256.076
435.111
393.633
247.542
267.705
208.05
206.107
241.147
201.047
247.336
218.316
248.817
204.38
204.756
237.586
242.396
211.457
277.233
311.647
399.331
825.064
326.225
204.025
249.77
403.043
225.249
273.253
423.932
310.512
215.513
206.107
241.326
232.558
421.58
231.994
636.83
265.972
637.513
201.169
204.284
289.458
230.855
366.354
302.506
206.18
1820.9
306.377
205.813
230.065
214.215
213.649
204.673
335.532
230.363
341.111
273.907
233.071
220.876
337.297
309.719
514.37
236.808
213.096
838.366
202.598
328.183
366.959
206.662
211.521
213.246
222.108
223.383
202.317
277.328
257.858
328.443
205.193
233.534
229.702
313.051
716.213
251.374
220.125
317.27
219.941
249.106
604.199
209.428
232.783
213.986
545.261
202.842
200.387
245.418
273.156
341.161
217.412
291.685
202.504
355.111
364.431
304.685
587.957
671.834
221.615
529.902
285.766
210.167
213.063
224.822
216.273
349.381
200.262
245.675
253.154
229.65
211.028
206.848
302.166
251.992
209.49
244.634
253.383
234.945
257.837
299.341
221.4
229.802
316.046
222.434
241.413
285.832
204.13
276.022
207.692
404.157
324.324
221.28
252.786
250.384
246.144
230.272
224.47
258.368
225.978
257.831
475.562
303.155
231.696
203.968
220.123
285.405
229.059
496.346
281.434
315.092
316.321
218.289
229.963
342.504
274.72
242.448
309.555
457.106
578.74
632.783
232.125
240.996
206.763
245.864
325.235
256.644
377.521
303.289
200.644
372.779
425.061
293.862
268.39
299.54
200.157
216.472
255.922
360.229
226.819
236.804
208.175
234.455
206.589
269.793
211.043
267.273
288.72
206.761
211.298
261.687
231.458
205.876
207.581
205.288
238.351
222.724
433.254
201.953
346.886
219.23
204.631
202.778
200.721
260.14
250.332
224.604
213.084
236.622
350.147
387.087
405.916
1596.03
293.542
217.692
246.333
230.371
204.365
244.914
282.239
274.571
202.652
219.973
237.35
210.428
309.049
1052.97
221.817
213.549
408.598
345.235
219.087
348.102
281.441
740.785
275.095
202.647
261.553
333.659
462.469
286.273
215.868
1003.61
223.817
223.958
235.644
333.162
230.341
365.093
221.547
468.577
235.478
202.193
234.068
342.969
264.645
246.406
357.81
292.029
354.121
243.538
246.895
212.563
225.12
255.74
345.853
322.47
212.339
355.706
207.212
383.777
223.678
237.025
228.418
279.896
248.506
276.014
233.094
258.161
430.142
218.369
366.984
259.892
250.713
256.55
235.623
218.998
262.867
506.703
398.088
212.21
202.541
216.324
391.116
608.46
287.021
265.859
203.926
247.105
236.055
217.64
217.683
223.031
255.787
309.776
291.642
318.187
210.751
249.042
297.973
320.56
215.332
212.325
201.757
272.787
259.677
322.76
374.577
203.521
207.237
215.27
274.126
224.477
554.31
461.292
219.071
384.667
208.828
227.893
216.446
230.202
205.392
342.304
231.987
207.824
208.976
211.204
214.544
241.535
220.642
203.603
200.965
220.411
222.266
304.936
265.752
214.11
200.597
315.599
440.88
368.007
238.277
276.391
292.662
274.909
2132.23
540.284
273.459
217.679
203.961
1165.44
228.996
200.96
216.901
205.387
333.294
313.273
285.769
223.614
479.053
222.578
287.073
243.711
492.093
412.709
212.002
336.451
237.539
587.593
336.462
242.695
275.173
430.421
250.366
452.563
295.611
277.676
314.871
304.197
242.066
310.04
316.283
261.981
382.881
377.286
247.089
241.524
262.817
271.354
339.214
312.157
336.935
303.509
231.597
245.037
815.621
207.928
243.532
705.391
324.805
237.941
380.016
205.587
256.394
303.28
270.688
306.73
207.673
206.952
264.102
311.671
260.434
338
274.936
233.947
315.447
243.684
215.562
372.599
256.277
213.382
266.178
247.657
341.415
216.303
262.319
297.442
365.337
374.46
547.714
873.26
310.219
284.528
365.731
217.479
217.412
219.237
246.335
236.785
392.181
202.235
222.816
255.889
339.116
241.423
255.161
296.358
213.141
210.119
214.956
210.632
335.58
298.055
230.859
325.057
462.661
227.405
204.358
379.109
228.847
210.06
335.036
214.047
201.02
216.592
200.454
320.461
241.035
275.434
299.747
201.137
209.23
261.66
215.757
282.604
558.97
205.285
328.764
206.032
262.349
265.972
238.113
257.857
269.377
201.819
451.593
240.545
215.044
221.224
315.06
397.165
220.86
265.141
241.323
417.234
454.847
208.247
209.456
242.977
304.482
673.535
243.36
220.411
210.162
223.502
218.089
232.637
247.697
254.409
273.956
219.262
958.434
212.934
353.912
253.35
242.328
200.222
423.87
205.295
257.14
261.998
223.622
232.639
217.837
258.38
298.868
200.275
362.081
664.7
214.012
226.343
228.694
284.612
222.313
229.621
200.95
224.301
448.541
244.137
240.956
411.642
211.256
200.544
207.519
313.941
209.433
263.782
212.203
205.1
297.192
373.555
278.052
339.632
329.95
221.901
206.269
213.506
214.29
328.372
209.833
279.19
262.216
215.768
219.146
264.777
308.378
215.592
227.328
236.483
208.545
273.651
255.992
298.998
209.483
303.663
206.381
219.986
200.142
275.227
276.774
216.266
223.448
268.727
247.986
290.066
217.807
528.852
266.888
203.639
201.551
237.929
373.038
318.328
253.188
203.681
264.685
217.412
216.194
217.589
223.826
205.207
212.817
205.417
309.076
222.104
317.114
213.272
311.265
237.304
265.251
527.519
347.294
442.719
246.142
259.039
208.734
211.253
339.203
212.977
222.047
216.666
228.626
209.318
244.692
314.717
248.401
402.852
237.238
419.122
302.002
240.012
300.396
316.372
227.436
275.214
269.553
242.72
280.466
203.607
202.485
202.897
234.271
1085.35
249.588
304.153
203.87
203.276
238.214
496.542
286.468
201.45
234.732
231.972
461.742
268.505
213.417
308.328
228.948
200.447
227.013
390.913
248.373
232.843
224.962
219.527
268.194
219.087
275.783
242.392
203.002
372.453
202.63
200.147
261.234
243.101
328.375
422.165
297.446
285.414
242.299
205.772
214.145
238.185
527.203
302.134
232.794
253.077
206.729
225.588
211.078
216.654
266.824
244.115
312.26
208.928
211.608
230.874
374.203
313.587
203.605
203.278
249.169
201.827
567.639
428.385
298.097
209.578
204.661
409.105
372.091
200.474
221.736
211.927
214.016
223.155
256.414
292.236
235.308
306.653
484.368
280.262
267.698
247.026
339.663
231.214
255.873
313.844
242.462
489.113
219.759
275.08
249.407
251.311
374.972
254.71
282.535
407.233
284.139
225.153
207.326
210.908
277.68
230.269
378.327
213.677
207.314
357.532
316.308
856.068
267.576
361.057
249.598
377.416
204.734
249.698
232.946
250.488
352.972
301.475
282.915
208.118
205.757
255.133
265.955
216.127
222.515
239.817
405.099
237.796
233.21
299.753
249.502
250.168
211.807
445.63
223.356
232.06
262.381
213.57
228.856
251.322
425.038
237.746
223.783
244.334
314.997
469.801
266.004
213.354
301.106
224.544
249.674
245.902
270.024
348.316
201.965
210.49
314.719
589.552
229.162
258.851
362.746
316.634
216.169
232
207.942
205.529
236.047
238.845
200.182
212.146
349.561
216.696
246.658
201.718
227.963
241.684
269.757
218.975
237.428
205.721
219.429
269.347
207.784
206.64
229.898
421.662
442.011
220.577
325.414
320.882
217.734
208.322
206.247
229.663
418.934
378.497
245.334
224.301
387.096
314.867
200.295
220.239
237.666
235.989
263.684
220.866
227.22
213.748
230.588
291.596
234.006
234.678
412.195
254.558
275.603
212.561
203.607
350.568
212.485
317.789
320.599
228.158
242.687
289.953
246.008
229.56
250.595
264.889
235.574
203.071
323.308
559.951
213.967
219.588
297.777
353.972
238.166
332.636
322.134
266.565
235.729
328.784
210.343
418.857
278.729
897.872
269.498
370.652
209.943
269.349
346.729
207.945
205.056
241.872
281.697
259.401
207.405
221.246
200.385
342.732
275.509
208.336
250.709
279.453
712.849
202.933
262.562
276.083
265.223
230.38
224.96
215.044
228.733
260.572
230.562
410.33
200.666
208.135
207.629
226.13
225.08
232.714
375.317
296.476
624
205.524
410.668
228.009
301.869
265.857
319.998
234.235
345.533
219.009
254.617
394.686
440.296
420.073
273.664
255.165
243.549
200.893
234.595
242.541
546.38
282.487
248.851
241.905
220.903
314.819
292.19
357.375
202.322
217.242
221.251
221.759
266.064
269.425
261.517
253.476
235.597
274.186
284.336
349.661
359.489
252.196
354.634
223.341
207.928
379.664
251.883
561.384
206.24
207.962
237.588
341.122
200.005
200.165
266.515
236.275
292.185
372.659
292.821
426.195
245.304
209.719
216.187
273.85
336.914
287.324
261.822
323.128
242.436
312.293
278.029
337.56
261.41
232.095
355.296
358.713
232.897
234.482
343.089
565.875
333.21
241.58
219.88
209.141
220.077
233.365
208.024
333.747
210.77
202.549
250
222.239
502.156
205.823
219.37
210.848
217
228.438
479.086
201.182
286.005
406.437
230.011
270.505
306.221
267.925
486.432
244.36
203.711
211.634
761.361
485.806
261.547
549.441
487.254
222.874
208.415
326.602
292.443
280.51
247.37
200.796
267.694
525.136
259.301
234.431
243.658
367.443
201.363
210.233
363.501
399.78
322.306
218.909
228.681
202.163
206.528
221.072
327.377
227.91
401.295
226.093
428.938
246.868
370.767
273.452
207.56
215.163
226.967
255.464
213.495
221.113
231.914
381.982
206.865
234.359
233.12
259.453
200.102
278.076
236.989
426.708
255.441
316.149
201.819
231.24
324.555
216.412
215.228
248.415
234.651
213.991
429.344
343.122
265.043
232.766
668.951
236.611
225.834
510.109
205.502
274.718
264.488
201.134
589.142
216.633
234.229
280.203
220.932
236.318
250.496
237.291
393.121
227.888
447.686
371.762
219.529
206.628
249.261
225.122
200.477
271.36
258.008
204.524
422.572
219.251
223.238
225.227
239.069
225.604
219.075
252.97
373.947
259.904
441.014
358.742
374.52
214.805
210.941
217.966
274.237
214.156
290.215
249.826
312.612
260.954
209.843
402.056
227.2
238.91
286.218
263.907
228.064
221.781
225.692
305.18
219.313
265.902
249.179
274.356
269.292
281.437
208.715
212.666
212.304
210.73
578.386
254.78
214.67
221.21
654.605
232.639
254.916
250.821
291.101
201.78
246.051
256.462
808.802
217.989
574.625
216.469
200.587
288.754
200.42
450.747
255.672
243.557
241.396
635.37
222.731
383.324
215.474
220.218
335.513
221.129
263.3
234.051
358.416
301.01
206.39
328.297
221.314
208.226
246.836
293.852
733.469
1070.59
256.145
326.395
330.335
258.492
227.893
218.341
267.03
206.323
254.301
209.886
211.471
312.392
202.539
298.796
297.706
205.319
222.322
215.956
274.481
385.274
227.097
271.391
450.462
344.062
275.06
268.527
222.627
330.039
200.135
402.852
267.432
248.369
212.052
217.108
501.394
240.666
204.746
626.189
201.519
286.808
200.96
289.841
242.05
486.589
201.147
358.44
232.873
348.373
274.419
337.978
211.372
220.05
288.926
212.151
239.852
780.154
218.602
223.399
247.305
247.443
350.572
235.023
224.887
203.372
347.174
236.736
204.863
346.888
202.709
219.139
228.088
215.258
241.609
463.973
259.788
388.285
283.395
307.002
251.529
241.243
209.366
239.514
234.293
525.055
215.007
300.626
278.465
208.799
596.081
238.717
332.947
224.68
228.827
200.666
231.177
485.988
223.217
857.078
293.048
360.11
263.911
242.559
240.819
258.604
202.057
252.933
491.018
276.977
265.897
320.868
245.784
215.472
245.314
275.298
429.953
242.856
205.599
256.957
255.543
345.481
304.82
244.665
213.588
300.416
212.297
239.146
269.503
389.41
652.663
202.069
205.706
398.717
238.472
222.594
209.521
275.256
440.524
219.36
310.865
327.19
202.551
279.249
271.496
210.815
270.257
219.959
202.823
216.781
231.978
229.637
275.942
575.497
227.629
200.99
229.595
201.44
401.866
268.526
202.361
294.493
218.312
209.781
541.427
391.553
259.218
256.468
405.852
368.879
529.813
931.579
321.266
202.546
242.763
212.419
1076.12
234.389
231.83
267.38
214.269
234.921
279.125
508.968
215.866
260.883
455.796
201.455
300.265
296.179
312.704
242.207
208.264
235.157
223.969
215.458
202.559
200.172
203.637
201.671
352.82
238.374
227.888
227.879
221.213
255.76
225.728
212.577
286.868
240.612
282.954
391.603
415.458
251.39
210.718
271.952
343.81
440.934
230.217
207.916
295.569
217.336
332.715
275.127
216.961
338.782
994.288
284.12
240.836
289.036
484.203
236.169
217.922
282.753
205.38
240.591
221.088
278.386
264.96
203.534
200.402
350.648
482.659
400.541
687.878
271.09
212.551
281.053
264.575
211.421
246.026
340.034
273.938
248.167
201.636
433.319
266.736
212.042
257.822
207.656
207.774
250.934
220.311
239.935
206.412
222.596
342.859
468.446
286.004
297.417
540.766
435.955
460.694
557.968
204.944
200.627
203.17
202
263.901
233.728
732.271
367.694
205.524
306.984
298.35
303.081
343.354
200.833
204.083
340.031
425.63
244.229
252.311
212.516
476.6
268.351
224.047
218.481
222.054
212.873
382.111
216.118
223.575
244.203
221.547
489.087
342.996
228.644
205.139
273.834
210.863
215.467
612.032
254.861
200.32
221.005
202.66
205.701
355.643
241.037
385.077
207.769
211.726
302.539
226.55
221.684
228.075
224.479
255.76
206.642
210.362
351.211
218.68
331.012
251.664
301.302
605.791
234.459
215.462
317.457
204.612
585.94
202.694
239.372
206.393
226.071
231.499
356.035
214.499
423.048
211.253
338.982
202.193
294.941
275.598
334.795
210.048
212.243
397.701
236.683
277.914
249.694
201.365
284.317
384.003
214.898
267.929
408.825
202.401
302.063
448.076
203.443
262.095
332.369
222.901
273.766
370.649
314.178
221.007
213.726
213.457
540.986
205.368
276.998
250.99
632.3
422.864
322.014
239.084
261.973
288.411
217.145
224.274
281.313
227.416
277.928
260.787
254.444
208.125
310.549
204.912
207.138
224.629
214.184
206.773
252.66
256.39
245.226
200.3
206.507
300.475
302.43
259.127
252.707
423.002
244.45
227.587
645.057
353.987
458.244
201.844
224.493
259.268
223.859
201.656
235.977
299.79
204.695
326.218
250.384
344.639
528.156
319.692
263.953
279.156
201.745
233.199
232.689
201.938
269.687
219.066
219.424
285.281
203.975
493.245
341.396
240.875
211.882
368.201
223.016
297.735
258.089
242.739
211.315
541.372
241.491
209.971
240.755
204.34
214.6
629.335
219.347
228.952
243.684
214.35
218.671
301.708
215.467
202.783
210.262
204.282
215.455
248.789
422.513
250.096
214.077
249.153
390.246
504.418
238.856
412.37
290.081
387.198
255.043
206.039
330.811
204.113
231.231
207.935
476.101
242.615
349.836
412.684
207.747
254.454
236.899
240.067
401.04
265.415
206.504
230.278
318.925
200.998
201.489
403.119
339.032
249.506
298.635
287.206
310.374
268.216
274.186
280.507
624.256
278.817
205.151
223.011
202.255
292.252
240.765
204.502
251.273
249.67
340.147
337.962
208.413
338.516
208.806
318.605
230.3
295.305
562.98
403.062
361.35
203.679
355.046
205.468
202.842
204.487
266.092
287.938
255.779
290.086
234.902
213.347
242.516
380.988
560.35
228.554
336.033
476.696
302.969
225.238
290.093
208.473
263.536
757.773
284.756
227.974
299.434
372.768
218.344
251.867
207.333
788.74
214.161
206.589
355.039
204.399
214.32
239.885
293.363
229.634
215.479
250.062
217.605
221.409
449.588
201.641
268.44
213.546
273.32
208.026
205.397
406.42
472.508
305.922
216.118
201.7
267.726
239.019
287.673
210.991
201.318
242.874
212.817
361.671
210.791
210.14
258.461
237.078
319.042
317.254
259.773
260.21
1272.08
272.679
251.575
339.075
475.599
226.387
423.981
359.466
211.596
236.669
350.246
481.979
446.368
205.74
247.192
238.048
201.293
374.743
229.412
201.539
203.541
323.39
202.916
422.935
241.857
220.762
250.769
201.124
237.607
223.911
243.577
210.872
219.854
210.545
230.697
237.278
356.674
296.803
237.127
295.007
465.087
239.502
408.583
219.995
277.013
309.663
219.554
789.426
510.222
207.596
317.058
351.591
227.013
223.913
799.38
278.771
282.779
208.007
218.094
207.666
207.678
231.834
211.014
259.318
247.512
206.637
208.998
224.239
1017.42
216.629
254.988
327.381
284.772
207.058
240.676
250.472
223.64
554.858
267.122
204.79
283.138
236.284
209.631
215.845
215.817
206.129
262.823
242.543
289.088
285.118
212.777
818.03
485.92
272.599
205.112
224.228
220.456
278.476
353.279
282.5
208.569
294.316
276.112
234.719
229.063
224.098
280.132
201.007
305.297
246.645
213.953
201.219
304.834
356.399
366.815
250.595
221.633
250.406
286.164
213.558
439.014
213.532
625.761
235.845
311.665
241.265
269.208
216.841
209.447
226.46
344.772
245.66
445.419
205.874
207.901
324.284
231.017
237.558
237.455
214.884
296.073
328.146
347.774
220.543
205.896
204.898
213.991
268.967
262.24
231.128
519.865
1715.39
240.815
522.012
271.781
240.379
209.404
212.431
233.214
250.533
256.367
211.509
247.913
233.602
249.423
283.226
289.617
586.807
208.617
216.583
374.043
204.36
206.816
323.125
793.599
218.206
318.856
287.651
313.431
253.018
218.403
274.802
470.602
235.336
296.709
317.145
206.857
283.507
204.421
382.835
249.435
203.521
278.857
243.779
295.193
335.252
281.677
232.521
272.085
236.044
230.447
303.896
226.055
298.096
376.946
572.156
270.394
206.657
870.112
230.731
299.109
487.055
311.339
210.521
221.495
376.881
214.774
212.671
227.225
212.198
268.836
203.713
212.546
416.879
326.875
320.681
1000.5
281.706
231.502
248.759
285.146
294.52
266.039
242.2
232.635
320.992
261.417
278.593
218.188
219.579
210.357
235.391
287.242
262.008
421.477
214.707
611.368
215.053
211.478
242.722
232.951
211.334
212.979
241.346
227
236.808
232.659
205.592
202.203
294.012
495.146
221.441
205.536
267.082
208.149
227.967
282.547
442.965
211.024
283.736
213.417
254.197
256.698
255.517
337.497
208.497
202.529
212.897
249.335
239.525
943.358
215.193
201.177
225.056
274.213
265.825
353.105
632.292
208.267
421.625
247.534
377.804
630.459
310.206
309.555
237.198
333.694
402.983
202.03
215.077
449.329
300.023
262.156
225.911
519.078
326.129
235.37
219.743
251.919
417.74
302.3
282.319
295.002
244.186
413.246
210.794
330.108
209.452
243.809
203.012
353.133
236.089
238.673
252.079
215.328
243.458
235.036
223.906
235.068
202.803
223.432
201.517
251.668
328.799
235.446
227.794
205.976
719.901
244.939
330.598
246.518
222.412
255.476
283.261
433.006
502.165
394.29
226.369
271.57
461.651
209.108
405.059
236.829
242.664
292.05
229.277
215.569
208.327
217.104
203.738
242.39
263.907
203.951
234.331
431.065
292.053
216.64
332.318
206.553
274.279
257.583
228.447
206.836
217.405
214.907
316.417
295.515
470.562
231.452
255.795
246.475
211
247.744
217.016
219.49
212.375
404.573
243.834
207.887
386.369
249.674
412.058
200.701
415.559
206.116
211.509
201.889
220.436
250.685
291.304
313.629
205.317
517.452
316.746
277.438
246.14
377.835
375.838
219.162
331.76
259.291
231.994
273.351
252.276
229.399
222.313
293.104
431.253
284.053
229.896
371.026
229.028
270.298
331.791
317.589
328.232
231.061
230.265
205.983
251.664
314.062
219.905
253.198
276.053
232.631
238.967
245.247
210.844
283.524
245.563
232.011
404.151
212.332
200.928
314.358
374.032
277.572
254.503
220.973
271.155
270.187
282.376
432.45
244.418
209.769
256.938
204.433
230.189
260.158
759.889
205.395
677.639
273.951
230.903
286.847
264.089
224.551
307.62
252.98
224.762
297.182
507.053
228.502
258.732
208.955
223.513
216.187
252.616
413.462
403.762
260.9
291.453
294.078
207.287
202.329
285.638
223.367
280.343
279.492
257.975
319.02
238.195
235.108
393.328
230.161
257.037
236.865
221.246
325.739
219.397
239.042
360.298
226.694
215.655
201.561
208.243
257.822
233.251
212.645
207.567
206.405
226.855
399.908
316.591
591.178
389.108
373.857
206.574
271.892
226.985
289.168
267.305
234.538
229.321
232.957
202.586
210.264
292.173
224.96
327.889
247.4
475.244
234.957
235.44
207.877
210.309
219.852
207.285
241.402
232.032
454.239
225.96
285.442
258.451
223.967
393.954
408.924
302.99
244.336
227.585
202.299
247.55
227.662
265.019
207.188
334.251
583.445
222.67
243.306
324.228
260.371
295.391
253.04
238.751
207.077
205.258
217.161
258.523
263.399
498.827
272.153
249.359
232.798
258.662
329.93
295.127
283.757
217.557
217.453
436.428
276.642
270.472
227.655
210.15
239.996
204.766
330.277
543.11
209.769
594.068
214.7
255.09
226.424
361.332
239.612
213.274
249.052
496.765
235.079
285.198
214.87
240.321
328.341
219.142
256.537
266.867
201.44
232.708
357.323
217.009
354.23
204.252
240.242
296.899
211.778
232.084
208.531
230.358
267.279
234.339
238.512
487.768
200.559
278.927
306.537
217.669
236.193
227.734
206.313
422.522
229.874
339.436
268.091
230.13
431.786
260.44
246.587
240.599
257.93
217.382
268.119
211.976
201.442
235.538
208.749
201.268
259.428
244.086
236.239
222.677
226.55
202.069
223.444
485.755
247.354
237.025
206.722
363.385
205.263
202.025
228.598
292.607
226.424
298.985
425.583
256.593
390.073
228.766
576.86
231.588
224.849
272.331
203.421
260.778
361.628
291.065
212.913
346.017
212.643
200.948
247.695
719.445
202.993
209.084
261.817
212.521
205.701
204.797
262.141
232.527
246.587
245.772
201.35
239.042
211.454
203.541
215.497
229.456
237.941
288.995
219.463
285.958
264.399
451.495
252.428
335.65
414.726
211.653
213.836
388.969
288.328
262.298
266.404
216.7
352.424
802.905
259.513
394.492
256.209
305.56
306.77
326.778
391.229
271.571
215.669
210.071
213.371
208.048
225.993
340.847
300.659
202.457
202.835
537.904
256.061
211.272
241.01
212.422
301.208
223.728
207.458
227.798
206.589
244.89
217.791
236.248
221.12
387.936
208.391
206.213
201.251
215.383
308.513
230.337
230.504
254.476
203.354
233.551
239.977
205.402
254.191
227.693
205.643
211.747
269.526
282.415
241.723
265.309
324.259
227.901
617.798
301.526
240.979
338.563
324.273
436.808
217.94
229.602
262.221
208.423
286.609
232.979
292.481
238.447
217.94
200.876
222.888
316.427
241.959
274.9
212.179
278.482
203.054
205.107
252.527
203.03
334.193
243.103
209.726
409.763
228.405
236.533
238.183
221.014
248.59
473.237
227.945
276.756
201
222.966
261.04
255.564
301.591
582.701
249.82
208.713
224.1
262.004
202.233
268.714
294.686
240.958
232.209
357.199
224.698
260.323
231.212
319.033
203.995
278.065
325.563
245.459
202.257
237.131
253.628
203.431
354.1
250.458
246.601
420.35
678.554
201.124
330.388
368.061
288.773
206.853
568.192
262.328
202.791
329.125
214.196
286.433
208.847
335.976
622.636
212.723
449.625
231.4
209.666
229.68
287.741
212.087
204.683
564.512
323.32
254.688
258.623
214.336
281.482
206.083
226.938
220.002
329.131
437.145
326.53
416.42
722.964
210.772
249.72
343.471
273.037
234.947
259.347
200.915
338.303
209.225
236.546
265.597
253.16
431.716
446.598
1112.23
213.427
232.101
241.185
202.183
235.792
219.269
322.467
357.99
319.898
216.947
245.361
203.819
216.594
234.374
263.021
229.806
289.102
247.798
202.645
312.965
235.96
336.318
204.384
214.933
219.155
201.231
238.686
615.634
204.059
208.094
221.486
281.778
229.257
293.981
211.87
240.824
228.064
288.418
227.39
212.37
451.407
276.308
226.771
217.683
212.814
207.48
274.507
205.653
248.169
360.893
206.102
290.759
244.344
685.635
235.784
352.332
210.133
274.317
421.36
296.651
744.118
268.38
244.266
300.826
205.107
275.536
247.194
207.747
250.256
345.99
218
211.636
251.414
252.242
247.72
917.383
208.866
239.401
200.472
229.436
212.419
329.927
214.718
210.473
218.28
376.279
456.206
236.59
455.896
236.222
1021.41
243.111
204.485
211.492
588.884
297.444
274.275
271.321
204.051
250.623
206.002
373.599
308.226
225.872
352.281
420.888
206.359
255.928
249.524
283.581
244.092
339.778
333.321
415.957
308.862
214.364
244.818
214.304
200.272
308.981
349.707
240.227
263.934
208.586
210.715
582.943
386.668
263.162
464.102
204.666
297.983
216.035
270.849
212.474
465.207
291.378
215.75
222.005
212.163
302.002
250.074
393.839
213.202
285.741
207.121
207.056
225.309
200.604
200.255
210.428
491.72
200.375
485.948
330.843
239.996
307.132
207.55
200.227
459.063
325.014
216.483
233.454
211.242
421.152
214.895
257.175
260.3
266.21
212.744
229.281
257.579
418.056
239.318
331.515
314.511
499.873
338.355
222.374
307.234
227.991
249.644
345.508
220.819
237.617
656.088
234.602
285.951
296.901
202.995
224.281
277.222
345.23
282.004
228.324
214.511
439.089
349.93
219.192
460.709
213.743
353.948
209.359
226.736
303.91
212.742
423.686
297.691
413.763
231.333
244.745
1247.82
340.257
209.251
340.861
210.927
359.543
263.592
329.597
232.196
239.6
213.174
292.939
206.773
444.268
469.457
216.993
252.159
227.559
366.755
548.185
255.556
221.002
243.553
307.794
289.04
227.945
374.481
261.446
230.007
213.687
615.328
208.986
268.192
360.787
280.098
219.244
218.694
247.837
645.498
507.269
255.361
236.964
492.062
330.577
214.795
264.721
231.914
232.805
208.945
254.293
260.073
201.336
221.42
205.158
248.934
218.6
231.132
421.359
354.79
210.492
204.26
705.38
521.943
256.909
233.174
321.42
200.415
279.082
242.173
213.077
333.741
243.617
324.569
262.876
221.524
256.355
317.219
378.127
239.787
475.721
208.811
898.333
288.898
222.054
421.996
227.993
278.53
210.193
293.789
341.11
614.584
248.912
285.682
278.236
226.164
232.405
264.002
436.606
213.352
266.381
309.827
314.535
261.226
256.113
257.583
299.456
308.058
249.956
463.445
203.037
275.739
326.604
278.212
212.455
388.78
1037.37
287.399
280.539
243.183
214.595
232.469
202.85
283.639
338.099
306.703
634.148
309.842
308.015
236.087
259.411
315.75
249.746
588.523
227.655
263.748
419.749
216.088
247.748
307.68
291.067
231.21
261.234
238.443
276.698
397.166
262.116
451.534
259.992
366.7
210.95
247.641
316.484
213.192
201.616
201.264
217.612
247.792
206.07
293.956
202.517
257.054
332.129
335.198
456.903
273.249
380.303
262.271
393.949
306.289
225.991
361.008
403.69
220.74
239.867
207.331
203.295
200.627
212.259
398.446
473.103
246.037
232.325
208.65
252.343
377.095
259.174
227.214
325.509
219.34
291.206
237.947
281.808
339.915
253.996
212.967
407.817
214.842
211.348
232.575
207.613
222.899
349.044
286.855
204.893
214.107
219.313
321.201
204.985
206.369
211.462
220.887
296
523.613
252.794
201.757
299.403
580.183
326.334
252.676
422.461
232.469
359.032
308.461
327.113
716.087
277.204
201.052
232.437
367.026
422.908
299.698
215.272
231.381
201.45
238.088
206.087
255.069
427.834
1307.89
359.703
241
402.897
275.009
234.051
213.31
200.589
360.613
337.304
220.277
378.576
238.225
253.279
247.78
202.529
292.087
270.324
382.693
210.701
228.565
214.194
232.845
220.091
208.391
229.639
255.664
248.743
213.907
229.959
207.988
252.581
282.002
379.785
313.026
362.087
209.091
239.134
526.955
237.28
217.127
316.509
615.466
273.516
335.37
218.641
221.49
249.538
252.085
269.431
219.666
594.828
242.582
373.529
304.592
212.812
205.653
209.37
227.051
294.321
285.431
212.24
227.11
272.659
227.339
257.433
238.525
217.35
353.495
303.964
225.062
268.358
237.335
264.537
210.012
228.064
249.876
281.469
209.94
216.693
587.681
210.457
200.968
227.822
262.956
355.564
303.183
863.219
204.626
282.887
209.234
311.891
251.01
280.747
363.556
210.276
464.71
241.903
526.789
241.617
241.415
308.6
260.655
298.987
203.286
343.443
211.154
336.847
297.479
265.765
224.486
516.373
252.266
223.609
422.069
279.737
216.673
226.859
235.572
253.61
327.715
392.759
227.209
417.442
321.607
286.295
407.773
369.593
258.014
339.638
254.641
212.431
368.096
247.982
215.944
241.133
236.495
327.854
227.447
289.798
232.157
242.271
234.184
215.077
277.123
476.517
201.745
345.764
226.48
228.215
244.826
918.549
206.453
352.27
204.622
264.169
280.419
365.516
355.367
212.556
270.555
323.674
272.459
308.919
241.957
219.395
540.244
220.717
228.559
360.579
450.863
266.511
383.404
220.391
247.816
218.623
395.315
211.976
205.988
453.367
224.635
227.618
240.778
224.161
209.28
214.995
216.58
324.157
279.383
408.835
288.586
200.14
243.012
266.454
271.433
233.48
286.234
331.257
207.601
226.36
232.456
266.891
219.306
250.384
228.414
252.729
229.079
255.582
240.979
295.374
220.629
243.218
287.905
554.544
225.189
499.936
384.66
235.917
222.601
271.941
258.907
695.92
236.54
244.438
319.462
269.752
457.3
289.841
252.856
447.207
210.666
282.586
210.102
234.794
460.617
201.512
270.307
263.158
372.645
211.26
250.234
361.561
217.686
259.844
445.63
351.487
239.86
289.897
510.813
350.14
200.659
282.446
384.288
272.815
271.037
309.763
271.836
660.351
314.328
379.488
274.379
217.858
203.723
223.882
628.023
232.538
209.807
616.275
254.629
522.172
211.662
229.541
1575.88
236.292
201.355
209.22
268.589
377.681
214.133
329.914
251.321
409.415
210.723
300.513
274.607
307.355
340.387
230.898
249.634
202.64
205.711
200.145
343.9
222.043
279.955
222.072
315.742
266.222
256.057
584.009
328.875
202.756
208.471
234.401
223.318
221.034
801.083
212.443
230.03
237.377
206.768
246.26
244.031
247.952
819.908
202.842
228.09
237.004
412.692
219.183
303.86
240.66
215.462
282.184
202.284
272.701
242.087
497.598
272.611
215.97
253.503
200.065
218.27
245.469
306.94
282.179
223.002
214.534
258.666
221.131
232.88
331.729
230.146
247.716
202.793
310.696
274.248
372.184
253.791
237.508
214.914
373.197
212.892
231.052
235.162
227.475
251.153
242.145
253.626
237.386
208.567
222.488
202.366
866.699
212.887
248.397
267.778
232.785
434.93
233.927
312.013
217.787
232.291
343.032
272.456
432.125
222.484
208.931
270.244
206.976
227.989
366.587
232.06
467.441
223.394
286.054
311.784
241.946
221.014
399.787
290.954
364.382
385.145
253.707
227.939
266.693
242.837
234.088
659.838
203.593
202.643
207.673
208.528
235.115
206.935
218.245
216.64
454.6
224.241
320.451
223.363
590.094
213.755
294.06
231.147
218.06
399.023
200.577
229.262
382.374
248.982
374.004
228.993
219.297
343.962
679.278
206.596
247.293
782.998
217.378
239.073
232.411
232.31
246.368
227.903
280.986
215.548
246.03
248.288
213.499
260.718
219.11
202.657
232.121
242.39
469.991
220.685
709.725
206.436
213.399
237.169
249.227
226.872
337.965
276.807
338.799
212.96
594.987
326.35
304.629
216.014
252.474
258.335
318.962
261.868
251.362
220.227
585.244
252.794
491.341
253.138
234.48
267.064
226.268
252.966
221.014
584.905
213.185
241.795
266.368
392.391
264.36
227.776
230.356
302.556
226.018
663.671
488.114
230.072
234.994
233.645
634.218
210.993
205.436
466.299
208.094
220.658
258.521
272.903
216.788
285.088
546.201
224.21
261.853
215.1
435.361
211.858
229.345
216.968
239.512
201.765
255.93
225.409
203.025
237.645
590.702
275.79
261.721
273.503
257.742
369.427
246.061
463.421
204.468
209.406
204.617
446.037
200.876
299.842
503.323
411.694
360.706
228.963
458.738
275.993
229.513
274.618
498.44
278.029
320.011
240.601
253.592
202.173
232.976
262.086
231.994
268.848
212.897
308.504
224
220.731
279.666
203.079
222.553
258.445
209.607
221.842
249.574
248.399
243.867
226.597
232.073
310.595
233.034
233.056
259.363
213.876
304.913
257.511
284.607
225.814
202.302
215.03
328.652
236.926
269.976
200.372
242.116
520.104
227.163
208.101
322.056
301.181
230.892
214.156
280.485
237.546
205.171
266.109
206.429
205.078
385.987
329.371
218.877
405.482
264.792
258.229
276.586
222.254
244.812
211.45
208.118
223.647
343.197
394.329
259.725
201.747
223.531
252.385
212.318
360.498
223.645
214.534
402.676
443.627
215.715
220.093
201.832
236.214
206.315
314.827
208.209
379.38
203.31
253.645
433.889
214.8
223.531
241.12
229.43
250.168
261.031
240.689
465.368
206.199
287.308
213.663
204.568
709.888
262.989
200.008
200.579
210.972
448.436
426.291
240.684
296.252
248.59
211.53
211.707
209.048
208.391
268.567
244.248
261.694
204.968
405.938
295.383
224.62
321.075
250.751
216.016
213.771
289.311
347.658
206.874
202.603
213.282
209.456
266.342
472.69
246.12
340.051
340.545
324.159
269.839
303.91
251.042
241.241
259.183
295.408
240.196
219.148
203.022
258.863
274.305
218.117
319.631
236.586
415.714
249.656
443.989
220.665
213.647
386.329
244.733
271.989
351.606
205.538
557.849
275.407
265.028
359.464
251.873
385.867
226.214
226.031
235.376
234.376
231.357
327.857
221.292
286.845
334.398
369.676
311.37
228.3
284.04
227.273
238.504
927.124
368.954
262.707
256.916
218.211
287.185
248.324
220.388
312.835
216.398
247.348
271.588
260.893
343.804
202.099
276.223
223.841
417.09
625.525
314.334
347.385
281.996
274.046
202.786
224.789
452.094
261.84
462.132
638.087
306.374
237.76
251.486
204.778
204.113
214.476
295.285
240.657
349.595
224.479
226.638
266.548
212.749
242.192
224.778
374.442
253.6
260.906
226.17
278.955
267.569
240.381
228.445
310.961
554.612
343.769
243.98
1456.81
763.55
443.626
201.995
367.71
209.702
226.128
284.998
213.293
210.559
228.777
238.16
224.071
219.379
206.681
241.992
230.46
413.228
203.946
267.009
232.762
218.863
903.594
256.749
340.435
337.92
208.878
316.531
240.585
398.267
316.684
216.733
362.832
210.155
208.3
1036.2
234.96
280.303
243.873
243.191
247.398
626.852
421.55
246.526
250.577
226.702
362.902
270.852
296.403
234.536
204.411
205.419
349.57
329.032
280.066
436.15
265.426
341.226
281.936
215.567
234.911
440.933
245.683
204.127
243.553
368.841
209.662
499.645
211.109
221.817
230.178
297.294
216.137
222.092
249.576
621.842
334.519
206.167
272.408
364.249
243.074
265.724
331.76
266.248
222.023
329.985
242.736
414.473
212.262
366.843
490.376
256.864
221.583
240.62
200.739
275.732
257.041
230.79
204.096
203.882
385.786
240.682
423.256
365.697
233.981
236.707
234.768
387.912
214.744
299.481
291.108
279.602
235.591
260.363
203.217
209.433
206.734
236.205
209.44
211.66
220.313
299.162
200.287
964.521
322.213
431.244
338.058
375.4
215.757
384.744
331.26
547.375
330.386
350.256
306.813
278.442
421.84
223.575
297.676
395.445
218.259
218.163
217.986
252.907
416.292
208.581
279.798
235.871
225.391
216.716
261.151
209.246
1029.35
204.01
221.219
387.273
215.958
266.76
436.916
206.393
291.364
208.902
218.445
205.609
291.714
356.488
216.76
467.813
369.593
224.335
204.225
208.065
216.889
253.894
205.533
311.178
215.889
287.778
322.113
228.153
464.341
272.476
780.684
231.994
269.449
219.986
474.553
273.567
219.217
216.363
291.093
292.2
209.198
325.138
281.322
241.477
204.238
207.323
206.923
238.023
208.413
270.836
1595.78
638.294
279.399
244.197
232.465
218.733
430.085
300.822
336.722
625.951
204.497
468.223
301.952
235.091
284.874
200.3
247.893
226.115
225.136
327.983
299.817
235.438
340.295
214.604
261.362
238.288
237.838
258.838
441.479
326.53
200.137
345.592
208.387
303.107
207.853
220.259
372.898
239.865
279.082
207.251
216.61
327.352
200.242
276.738
225.801
245.092
250.605
443.121
231.884
224.519
212.758
325.57
239.144
379.459
223.493
372.234
334.583
217.892
216.7
249.63
224.669
256.283
349.047
741.76
282.482
218.069
214.735
432.021
294.688
256.727
221.213
561.315
289.746
203.197
200.145
1234.79
324.538
248.044
434.757
246.491
202.129
211.244
336.758
285.836
337.408
304.036
206.158
215.17
218.243
416.225
223.112
223.02
216.442
221.54
321.719
244.377
265.098
221.788
207.769
242.92
326.273
268.22
216.111
210.924
294.936
201.561
285.132
226.905
206.516
272.226
420.188
376.501
209.356
257.583
310.987
251.225
217.267
234.491
705.865
346.562
248.952
211.227
201.03
211.223
267.965
217.037
228.534
205.56
318.005
240.385
215.265
239.065
203.435
230.567
265.126
207.326
249.405
269.615
237.365
466.602
236.835
324.366
209.769
202.452
279.032
332.111
250.689
204.409
204.198
264.528
200.853
235.987
260.063
302.785
394.978
219.155
210.45
252.868
590.6
260.998
317.671
376.644
303.03
374.967
225.98
250.721
246.791
201.002
237.752
527.183
294.015
204.663
206.533
212.554
217.136
229.909
210.941
543.223
310.023
243.035
219.604
314.508
249.375
200.033
254.055
209.492
263.985
293.946
223.897
249.028
230.443
288.953
236.354
208.18
281.968
207.473
241.839
203.926
925.618
212.885
505.363
316.961
310.319
294.785
475.492
331.439
231.603
230.356
241.692
273.291
272.798
642.02
200.861
236.802
218.694
258.863
211.502
241.698
337.794
377.113
225.626
253.886
396.706
311.727
201.894
213.399
244.369
241.433
217.138
360.411
246.412
204.049
205.31
209.282
411.17
219.591
243.01
292.628
219.757
451.342
261.457
267.262
296.007
271.763
253.754
263.391
232.966
642.648
206.691
207.263
568.053
214.369
231.493
263.171
211.712
427.94
247.079
221.903
202.448
393.183
220.25
233.506
203.374
222.567
245.565
205.985
214.163
358.738
241.967
211.866
414.451
226.727
216.28
298.873
244.491
208.998
232.506
229.608
223.155
213.981
221.565
527.536
334.458
206.693
389.239
200.816
206.86
202.262
207.803
344.845
225.329
315.921
345.086
271.048
317.162
210.585
374.808
360.171
223.504
287.656
212.113
210.081
241.23
347.531
215.012
205.82
296.572
291.433
203.113
279.254
228.653
271.511
687.598
275.224
218.998
1238.97
241.605
240.558
208.099
506.926
371.531
254.179
241.365
404.526
317.646
770.236
233.442
313.708
273.794
482.849
227.214
362.758
243.631
444.993
395.095
239.804
240.333
234.517
209.635
225.107
469.216
592.133
204.675
243.516
200.41
323.48
213.986
213.682
206.451
266.813
261.918
225.442
303.295
289.083
272.406
236.943
318.956
281.478
214.935
243.779
251.686
254.246
211.346
275.583
565.126
323.442
229.421
285.983
248.584
267.671
250.45
214.152
241.423
374.525
290.549
300.794
223.278
202.544
220.293
809.578
1043.77
229.175
254.7
249.399
591.429
261.605
232.979
213.708
202.667
252.018
255.361
238.26
227.117
205.424
214.707
221.335
233.529
311.787
414.32
292.688
234.674
240.977
226.936
207.844
217.196
234.834
227.713
243.481
315.466
304.215
422.69
237.457
233.585
225.222
203.634
272.677
285.149
245.701
201.246
240.527
210.188
351.723
201.017
217.653
242.804
624.561
282.673
209.747
382.242
260.751
310.759
294.275
270.017
222.2
214.028
240.381
675.636
206.114
220.479
419.826
213.895
222.856
281.089
259.902
326.288
285.881
236.757
315.366
287.284
316.329
248.576
332.041
206.146
215.849
239.827
389.913
211.436
218.746
202.218
202.958
210.63
275.356
553.132
318.622
217.025
234.463
224.181
208.871
378.364
200.773
228.86
364.1
255.192
206.451
232.078
326.369
218.151
404.25
256.08
243.179
308.746
346.389
359.657
442.82
206.616
202.539
223.853
223.779
259.162
257.624
247.917
448.423
229.295
277.937
291.223
212.725
215.07
205.733
313.089
665.715
276.996
213.169
220.486
316.645
229.262
209.098
224.43
226.332
217.986
205.412
239.268
324.877
200.988
237.542
226.55
377.244
210.052
365.861
201.599
206.749
310.019
360.149
468.144
392.353
217.212
258.538
234.495
237.143
391.113
258.498
526.221
369.651
335.421
253.336
243.877
212.981
217.83
414.212
204.282
255.619
288.04
320.83
225.528
256.648
200.699
448.51
694.359
294.211
246.382
219.424
200.197
234.593
268.671
236.072
212.396
420.1
280.907
210.276
210.701
240.298
207.121
214.301
451.365
301.397
203.826
384.409
262.829
948.278
200.005
223.915
216.758
242.493
302.645
295.491
219.49
236.985
399.098
433.684
212.005
207.88
228.668
265.011
200.696
344.182
213.958
203.998
275.527
228.6
255.724
220.789
373.304
367.183
280.665
225.872
330.224
231.521
208.444
236.935
277.011
291.412
205.344
236.354
231.763
235.618
310.105
221.533
285.851
231.558
332.71
441.445
274.312
325.995
251.044
219.465
218.561
800.549
207.442
594.456
216.338
264.694
314.476
231.963
316.787
213.717
316.88
226.896
311.014
224.004
248.843
376.238
213.539
511.115
231.1
235.174
226.166
240.404
200.048
301.382
204.976
309.162
293.694
200.33
241.439
539.148
340.341
285.386
259.767
276.051
253.002
317.222
243.479
221.167
227.156
306.317
233.812
257.091
205.893
459.209
211.696
229.983
247.257
219.007
242.264
224.321
248.308
250.22
222.463
463.987
258.99
233.621
209.676
217.449
232.59
200.689
216.716
215.04
204.145
232.058
392.289
228.145
212.845
268.933
219.251
390.521
216.155
255.865
235.287
203.02
256.556
214.737
266.998
382.775
200.816
245.791
233.195
309.262
249.467
216.157
238.313
254.523
280.662
330.92
377.535
205.543
659.44
248.008
200.077
287.381
208.067
269.994
217.959
490.715
255.255
280.74
282.137
253.569
217.216
305.74
217.069
243.158
260.5
662.366
226.248
288.513
230.794
204.331
220.293
559.651
382.264
514.886
454.382
212.05
200.365
224.562
248.522
266.845
216.19
211.197
240.127
255.09
208.557
219.515
251.841
216.19
200.207
315.639
283.083
215.346
340.345
269.253
238.122
242.988
221
298.521
223.475
416.858
269.754
290.759
223.065
201.846
348.323
314.817
205.538
205.762
369.001
202.257
228.714
261.31
213.134
241.464
245.092
200.487
681.691
238.535
211.979
240.88
252.349
208.883
200.287
435.945
413.074
1073.38
204.57
344.087
248.23
392.014
253.634
375.497
254.399
209.7
380.682
265.454
262.362
246.181
210.205
233.221
202.166
219.094
222.962
222.466
579.274
205.426
258.71
232.207
202.62
379.681
211.052
700.872
202.665
211.017
204.282
280.305
318.853
203
608.626
359.029
230.226
253.71
363.867
915.905
640.757
200.197
309.697
323.846
211.514
232.856
247.522
273.196
215.773
215.833
428.418
202.391
200.871
220.853
218.596
280.048
285.212
233.977
243.181
230.71
238.147
512.565
221.506
361.127
303.228
216.774
213.698
260.624
349.771
246.775
300.078
239.815
239.403
611.038
240.992
361.664
235.646
252.061
201.296
204.634
220.3
208.504
408.885
369.498
217.956
278.35
220.506
258.892
336.118
231.143
202.929
218.559
298.491
247.489
235.979
247.38
225.309
210.583
542.584
238.481
375.167
214.832
256.928
244.244
219.194
229.013
302.658
344.46
265.759
620.3
266.261
225.382
260.676
205.063
226.502
237.973
233.112
456.616
201.259
287.531
266.651
206.243
209.707
258.936
741.421
221.601
205.541
237.436
254.313
248.371
224.341
205.439
241.439
220.932
311.408
235.259
281.736
233.21
223.271
215.564
396.829
375.076
243.694
248.457
230.117
348.649
211.04
259.931
395.891
204.856
556.866
369.171
258.768
282.478
376.809
212.744
208.526
240.267
233.045
221.842
228.077
222.061
210.364
202.237
208.024
440.025
222.515
280.311
366.141
205.088
201.618
257.439
296.725
241.528
205.195
311.87
659.888
264.439
224.807
200.297
234.751
203.914
221.124
294.556
277.797
213.96
320.511
241.286
228.009
245.014
257.286
202.744
260.797
200.978
383.561
244.01
345.867
238.206
222.951
255.84
512.221
280.059
286.714
433.879
796.342
231.694
205.358
548.862
244.493
382.727
268.323
280.287
203.327
322.579
229.785
204.36
391.826
201.819
229.105
209.39
235.183
226.462
217.368
318.294
214.616
385.645
437.1
234.47
216.208
292.246
223.66
200.02
229.242
219.281
338.041
204.091
256.182
236.656
300.581
405.338
212.064
216.051
264.087
245.491
221.563
295.015
216.231
254.128
241.82
315.056
229.124
203.231
244.651
370.997
262.383
273.556
245.707
237.407
232.299
242.561
260.649
229.325
210.086
250.454
229.009
318.432
315.854
201.152
309.425
201.638
226.557
303.544
225.402
226.537
216.456
218.119
523.226
204.944
250.619
404.958
223.638
342.651
221.865
477.097
269.983
250.988
258.679
334.634
202.512
273.989
824.103
204.313
329.286
572.961
356.017
212.732
225.845
283.588
328.805
325.501
280.451
451.824
211.948
247.225
396.492
293.3
236.675
265.49
300.864
260.885
201.405
265.025
248.222
213.385
205.166
330.015
1042.72
298.521
424.803
211.339
257.744
235.213
235.009
294.886
250.793
214.299
327.046
227.833
567.007
258.112
651.671
227.857
290.276
302.068
225.371
280.991
269.292
262.928
345.429
206.601
337.503
318.624
276.393
225.018
373.489
406.473
310.031
201.276
252.551
249.309
236.531
325.281
420.507
229.469
214.213
248.33
209.033
260.329
245.118
301.952
298.68
285.268
293.52
262.625
284.371
238.908
201.874
203.118
222.971
276.942
293.16
201.559
221.256
208.034
213.443
204.951
427.393
271.267
259.992
283.108
403.375
447.639
237.729
255.161
211.353
306.614
204.905
264.21
218.886
362.955
202.151
200.072
219.786
220.599
209.733
281.633
253.083
206.944
208.959
277.092
216.435
203.106
1002.09
200.719
237.462
232.766
235.478
205.794
228.631
215.754
354.82
203.973
202.517
757.525
373.394
239.393
200.893
896.101
208.55
217.12
299.033
421.963
229.656
230.749
254.645
243.13
217.15
219.92
329.372
228.897
292.233
200.012
318.779
227.873
223.179
223.759
244.675
277.449
283.392
213.485
241.665
254.246
200.612
278.516
254.676
649.678
229.107
210.789
219.408
277.928
202.49
220.218
202.097
220.794
329.729
285.965
216.569
205.871
380.293
255.296
488.17
208.046
262.412
411.973
210.369
235.905
220.989
203.098
205.643
459.627
323.489
277.752
237.95
234.216
211.807
369.121
212.252
214.406
268.205
243.304
387.697
267.314
289.363
239.942
210.718
201.052
270.477
242.547
411.246
210.278
217.929
203.463
222.827
210.718
217.191
333.59
201.326
220.912
207.343
278.817
218.426
203.101
327.59
259.151
201.732
205.419
286.848
253.882
318.831
216.714
204.512
253.188
289.741
466.974
243.008
345.977
202.163
309.509
537.17
221.183
209.857
294.238
213.516
207.661
208.394
204.573
213.638
207.772
313
213.246
222.095
295.807
248.165
236.224
542.707
217.21
215.028
299.707
248.954
205.538
208.053
394.645
232.744
231.584
206.944
339.723
390.96
229.856
854.661
292.453
365.77
366.508
846.57
207.403
442.944
250.849
236.554
448.638
220.402
438.049
370.254
263.684
1137.59
215.251
259.093
287.513
308.984
251.42
220.993
321.683
248.882
231.931
213.16
244.43
225.976
225.606
238.307
238.902
214.395
287.118
226.866
229.471
212.53
208.171
317.69
251
218.874
288.616
270.649
208.612
208.751
202.936
210.031
219.509
221.095
323.115
220.316
231.907
337.803
222.443
290.861
205.256
214.94
229.079
253.549
207.663
205.784
223.247
225.77
214.308
227.39
259.341
263.384
210.915
375.553
373.47
337.046
332.958
406.396
207.36
316.373
243.617
206.843
243.088
297.35
430.4
232.142
224.546
239.497
1008.03
387.28
256.158
228.808
376.28
280.68
298.714
261.371
305.121
241.874
362.297
768.125
247.445
363.981
240.664
206.708
205.041
251.321
299.035
217.83
350.86
250.084
300.095
209.778
225.231
206.908
362.839
351.073
210.713
218.961
247.493
293.636
259.218
404.958
290.379
281.521
226.272
220.527
207.803
202.823
839.129
244.33
505.29
304.785
244.91
248.244
404.731
238.008
211.298
201.186
212.897
216.677
290.88
355.816
224.891
234.404
399.894
339.601
216.64
298.163
860.133
217.906
497.371
247.119
222.452
264.626
349.369
291.539
232.781
211.554
205.263
251.243
207.393
225.08
226.791
387.147
223.879
224.693
335.28
221.156
255.945
210.309
309.672
214.565
302.017
290.143
334.742
270.886
296.887
274.811
327.216
366.65
1096.94
223.063
259.428
223.358
207.95
204.561
213.553
203.573
219.572
311.252
234.779
304.841
427.945
232.278
512.491
242.553
317.309
565.887
203.963
229.244
217.989
295.895
213.235
233.24
575.049
208.211
213.551
210.295
278.738
230.052
221.038
313.286
211.253
295.244
243.545
238.16
237.859
267.628
218.254
302.295
202.684
227.579
200.801
276.507
242.425
418.482
202.82
294.085
555.765
279.525
347.695
284.245
228.335
210.566
214.264
201.04
251.45
347.799
218.945
200.866
229.863
221.563
220.527
286.664
220.1
205.602
234.994
222.466
233.345
398.298
295.963
351.706
309.965
250.611
204.453
307.391
204.529
369.112
201.648
305.704
406.897
206.017
374.202
339.631
205.881
308.882
230.643
215.9
207.427
213.654
237.257
268.955
214.436
232.435
311.564
328.667
220.093
421.529
233.607
307.787
260.534
288.522
288.654
228.871
353.952
526.49
206.274
226.352
202.057
206.548
204.741
309.37
223.164
244.769
209.516
267.122
304.9
219.895
213.867
253.608
215.009
258.873
209.499
206.044
225.213
225.759
222.144
224.976
332.441
308.663
218.648
265.516
435.282
220.783
227.879
235.219
226.61
315.305
220.257
279.573
280.416
234.152
291.829
258.934
242.774
213.16
231.512
454.745
274.965
243.195
259.694
508.088
225.218
220.595
228.237
215.33
212.521
232.392
224.185
234.678
283.621
249.952
302.046
218.341
252.836
418.696
