256.702
444.02
291.021
229.604
202.134
205.054
227.328
218.163
511.158
256.72
259.34
260.413
209.471
255.695
239.054
298.012
372.372
209.256
239.019
265.765
215.225
208.478
343.792
260.82
274.1
483.583
293.966
219.698
281.876
213.612
247.087
247.572
281.725
208.837
329.036
253.172
229.1
273.414
210.827
236.078
624.283
485.46
343.012
315.295
238.849
280.366
313.054
955.267
244.786
686.296
251.698
245.607
320.172
243.932
214.096
458.307
230.734
226.166
411.647
224.265
230.866
200.432
211.967
404.438
329.509
247.198
205.117
263.5
281.537
224.938
219.406
228.351
232.56
203.703
224.328
319.587
301.998
238.504
337.172
456.845
251.718
220.835
237.476
207.222
222.818
244.596
267.271
722.433
274.343
202.916
207.215
227.765
284.607
227.853
225.062
277.554
264.987
212.819
227.792
380.408
221.621
267.84
363.542
201.425
275.518
225.553
294.158
343.211
233.039
249.582
219.723
243.791
200.659
266.233
219.303
221.131
2246.06
219.559
217.023
308.764
230.627
275.962
276.828
212.292
462.317
263.444
213.691
204.8
218.714
225.668
223.991
665.412
345.384
310.897
216.088
305.028
802.709
226.61
274.1
251.088
255.347
370.741
543.096
618.756
399.266
496.925
219.121
201.918
222.288
221.883
413.198
260.912
244.534
295.236
236.633
358.401
295.719
245.902
324.56
219.041
220.166
249.03
398.17
323.108
251.07
240.477
215.745
536.856
409.634
300.451
401.984
227.134
285.286
213.199
446.482
392.695
479.344
344.826
202.998
231.877
254.878
237.542
419.002
216.315
244.745
245.202
265.714
225.258
210.471
217.138
397.896
566.367
229.957
210.228
255.167
283.14
203.833
210.808
300.925
243.992
301.334
292.669
227.91
202.383
333.248
238.428
361.646
292.985
209.705
210.24
513.174
214.651
289.562
204.932
204.394
217.796
211.44
249.812
208.782
262.654
230.265
249.702
218.243
585.316
220.291
422.606
267.507
384.099
234.226
200.529
205.244
228.779
536.964
241.22
307.748
251.986
324.068
205.623
416.267
277.112
219.043
377.561
343.901
320.228
364.62
204.714
314.74
316.563
270.477
201.604
835.763
305.915
203.919
450.679
214.653
253.638
206.119
216.924
250.334
203.973
224.404
236.182
265.648
908.733
253.87
376.074
340.483
211.769
419.024
236.992
367.553
237.152
255.317
276.787
202.739
242.825
205.694
275.873
202.86
424.771
201.395
852.385
267.578
209.55
271.649
441.699
237.563
342.867
225.511
354.407
622.371
212.262
484.493
327.258
392.714
415.378
306.946
376.172
204.257
209.54
280.164
1414.45
282.418
247.348
240.027
318.628
221.858
390.306
227.207
336.904
212.243
335.644
204.573
201.149
360.936
260.217
220.159
386.65
243.678
398.818
317.26
362.2
285.809
375.089
205.92
225.83
257.047
973.469
259.746
203.62
341.993
229.434
341.614
378.247
206.514
266.329
236.123
491.127
304.378
230.332
324.429
401.711
386.504
739.145
254.03
273.898
210.24
270.967
230.578
360.866
699.235
311.929
211.88
419.888
250.164
238.027
220.511
215.59
378.469
791.818
220.658
269.316
254.094
346.857
277.892
269.375
658.694
1094.3
585.962
309.861
281.892
231.065
281.077
247.219
294.511
280.353
210.395
431.479
320.191
302.671
334.555
210.675
245.438
1091
515.232
210.35
318.619
211.417
237.152
205.648
290.709
211.057
206.441
467.993
241.321
212.45
261.236
272.037
226.515
215.321
377.58
204.805
291.448
350.236
215.898
289.793
392.001
334.955
262.357
289.424
389.099
1175.97
313.514
297.017
205.188
201.844
481.739
217.538
235.053
201.698
229.499
251.273
250.49
401.198
321.271
220.631
1282.57
287.143
266.321
425.086
217.607
301.12
217.419
271.857
254.541
430.949
231.825
373.551
249.964
340.877
274.592
422.998
304.033
248.745
301.307
258.747
202.336
227.873
509.873
201.303
223.504
227.726
304.324
290.718
203.61
1620.32
478.515
344.061
328.352
270.651
226.473
201.452
251.42
904.331
228.252
419.69
288.292
235.368
279.011
249.056
269.138
210.366
723.565
240.811
237.181
415.395
308.222
204.534
566.345
234.493
220.925
215.981
309.587
439.662
216.088
746.555
270.91
330.298
201.993
284.424
404.408
277.534
220.493
231.858
275.262
228.725
370.961
284.139
920.48
250.711
236.246
261.901
340.83
201.933
231.994
203.899
210.014
510.318
217.497
912.713
275.167
380.145
201.762
200.442
513.479
274.873
259.199
254.167
312.677
483.172
331.412
210.708
688.057
236.785
246.232
204.609
201.368
422.355
202.638
213.326
491.834
488.423
1353.26
218.252
206.434
202.284
284.631
438.201
201.688
354.302
218.836
388.826
226.327
1295.98
208.552
355.509
231.251
291.484
328.554
395.922
323.949
412.885
219.784
299.613
210.24
256.669
383.956
249.285
217.846
467.581
276.5
207.885
472.455
212.184
368.515
438.196
234.412
935.493
272.775
326.241
265.236
336.676
201.896
414.314
420.909
233.279
430.246
205.553
436.86
312.474
215.179
363.685
341.067
333.63
1069.83
263.856
571.736
313.291
232.476
750.548
260.407
472.649
240.183
317.118
223.423
295.946
201.055
250.11
224.37
266.852
354.148
208.163
294.262
255.174
216.993
228.272
275.049
338.711
218.486
327.179
332.363
255.953
284.447
311.238
349.789
257.762
258.563
822.53
390.923
233.206
242.01
360.122
221.585
334.91
397.118
363.56
218.309
250.559
362.774
323.357
206.594
242.45
288.886
249.992
529.602
208.42
238.864
201.561
204.02
241.831
383.127
333.617
257.261
231.933
267.524
209.621
225.613
217.633
238.608
218.801
203.423
213.738
227.062
220.991
317.569
272.395
404.03
216.677
322.165
290.489
255.775
327.434
228.359
262.639
232.976
207.509
297.135
247.574
247.243
281.436
242.767
342.968
304.178
239.015
384.413
359.807
252.705
247.301
216.338
416.894
238.64
291.536
389.995
307.968
277.123
776.28
376.393
219.014
406.854
281.418
326.261
214.802
244.047
211.175
255.402
211.988
257.237
288.818
253.697
261.371
314.7
494.534
351.874
525.234
424.141
377.685
300.345
245.461
207.901
213.801
241.41
452.663
570.776
211.674
200.928
638.145
228.808
216.82
317.553
270.623
298.814
367.023
252.571
217.288
288.059
230.701
232.118
225.757
232.91
286.131
438.142
555.938
229.475
245.491
224.199
210.314
214.392
200.452
202.941
325.427
271.5
271.943
241.642
298.144
229.103
382.237
200.36
236.508
410.286
324.145
256.427
235.257
252.468
382.859
209.37
232.547
279.92
236.609
355.332
350.608
208.01
246.079
219.363
255.453
203.239
380.886
242.563
260.079
579.106
264.208
242.992
295.66
306.449
243.922
219.497
240.391
276.87
267.139
481.261
429.337
230.382
311.711
282.974
928.732
265.177
206.901
222.845
310.472
283.046
374.812
265.643
216.721
211.126
260.964
293.418
207.323
214
200.472
708.127
309.438
220.338
247.107
246.189
245.447
206.845
254.853
208.727
286.007
218.509
216.709
285.996
236.996
347.366
527.823
316.686
221.499
289.822
241.046
246.37
323.571
239.489
233.949
414.787
212.514
298.193
251.197
364.555
290.215
254.391
211.54
213.598
300.927
298.875
263.983
221.384
280.813
244.951
261.664
286.786
613.319
236.814
225.838
355.18
205.051
206.487
303.947
324.768
207.8
547.692
851.425
200.474
245.652
513.002
226
212.349
231.635
235.174
256.287
263.729
286.943
287.348
255.496
232.805
727.795
248.926
220.586
459.303
214.907
337.772
385.439
241.737
202.601
213.56
355.072
247.465
206.906
243.319
262.42
200.504
225.444
328.717
223.614
318.317
221.642
202.094
490.814
287.845
355.215
313.249
313.573
477.442
308.193
293.486
278.763
227.02
285.62
243.834
330.55
205.37
252.22
249.357
271.068
248.785
241.278
251.982
207.316
230.106
365.39
238.151
819.473
216.007
229.319
518.191
346.23
238.038
223.134
362.25
290.319
375.92
206.197
383.416
354.994
238.468
245.316
257.161
265.827
229.388
713.312
237.428
288.207
246.485
831.73
212.899
207.099
419.915
305.962
216.109
213.659
237.046
201.666
219.164
307.721
335.552
300.985
276.438
338.489
216.906
225.63
1023.88
326.588
423.258
208.933
479.018
1319.39
300.278
382.319
349.377
374.705
378.021
211.237
265.108
547.861
356.556
353.292
238.734
204.902
355.661
291.995
219.948
258.832
240.763
308.697
223.931
269.175
455.932
242.87
439.827
271.444
293.049
342.628
297.961
279.535
215.687
307.345
201.97
218.76
204.924
288.186
205.283
341.473
254.925
212.066
288.003
220.751
356.149
420.803
260.225
277.935
288.894
270.697
293.92
751.367
531.413
270.814
246.763
243.707
205.767
212.93
217.635
298.983
404.426
248.433
280.794
208.895
227.022
221.138
223.908
546.175
246.228
257.794
235.958
309.385
201.824
219.757
328.475
265.125
211.976
358.38
244.743
240.923
432.495
568.849
283.118
640.062
282.581
292.313
234.947
647.248
857.948
306.971
229.214
410.239
460.248
205.426
257.321
226.991
238.533
227.822
264.133
488.238
206.637
237.24
439.662
253.831
365.312
235.489
290.21
227.335
217.995
232.235
216.705
270.204
398.656
242.881
201.43
224.027
233.602
209.778
201.169
373.421
212.429
206.928
233.814
215.407
278.708
403.461
216.291
247.98
225.931
211.769
227.754
447.711
297.834
210.212
203.566
282.105
207.923
220.397
283.926
221.499
254.564
1103.74
219.329
224.007
249.544
231.497
210.969
212.007
227.717
223.618
297.089
265.157
273.828
424.722
239.844
204.707
219.082
268.496
374.087
227.137
210.566
546.896
322.847
201.43
307.309
275.525
214.993
267.477
323.45
238.745
503.279
208.892
233.609
205.361
641.574
250.589
327.761
215.694
207.022
215.671
251.223
365.095
284.623
400.377
333.57
243.479
263.295
279.229
204.846
238.447
231.441
234.043
244.863
211.596
209.676
269.407
201.002
283.755
205.48
249.255
216.539
260.803
236.036
235.644
216.58
370.888
257.622
345.064
306.021
261.549
211.646
205.694
305.74
247.346
206.937
350.742
303.371
254.876
313.493
209.616
242.936
217.596
740.152
292.973
372.238
210.281
215.179
206.078
211.866
326.141
227.295
277.327
238.904
239.514
374.832
224.406
303.946
325.759
447.994
202.472
353.898
230.903
220.47
557.395
441.757
215.174
240.192
286.386
294.274
268.706
342.802
273.733
205.37
204.619
218.495
241.601
284.085
204.553
203.524
216.94
247.544
473.486
331.282
303.112
300.968
226.78
372.095
234.147
312.165
223.879
210.35
270.039
1128.67
273.629
663.663
261.241
229.38
356.473
229.676
238.042
242.944
247.453
223.971
371.892
219.966
315.376
260.442
218.344
358.778
411.829
328.527
272.916
259.185
264.43
363.57
396.265
310.627
232.59
333.003
438.264
377.118
202.485
266.081
206.027
219.768
276.082
231.776
232.263
424.407
201.918
249.938
269.033
203.931
217.858
348.528
213.204
245.188
274.931
229.65
593.826
227.337
331.448
238.617
267.002
207.253
401.334
233.487
204.695
210.865
245.532
288.187
217.483
261.304
470.548
245.459
229.822
247.277
415.459
599.179
251.468
307.262
202.46
235.198
621.522
348.141
309.501
275.202
302.561
220.32
206.068
488.492
220.563
1056.49
341.849
347.757
342.793
242.627
315.547
223.484
447.407
207.367
238.893
673.033
212.389
231.538
531.526
458.709
302.924
472.327
477.773
377.837
448.892
281.899
347.474
245.455
321.209
299.232
245.196
286.625
318.262
256.501
262.892
435.347
215.198
350.944
268.926
226.57
302.159
233.887
211.047
219.616
380.628
222.178
249.516
232.527
308.067
366.497
455.729
213.565
214.457
327.101
445.704
222.468
210.599
318.264
286.55
231.435
279.759
347.37
206.572
254.951
387.947
270.62
251.392
202.42
307.239
311.52
218.687
245.736
236.379
213.094
245.644
206.768
316.547
323.893
545.326
242.909
252.329
235.888
242.275
325.656
390.035
269.193
324.822
204.934
752.803
208.698
347.994
493.252
229.423
303.026
491.024
224.123
296.409
385.942
204.917
269.379
203.096
545.078
236.738
200.03
283.21
654.54
305.838
230.002
232.078
835.199
223.508
201.02
213.712
459.822
1494.74
276.369
279.022
462.149
432.53
224.321
302.843
222.353
315.593
252.42
207.056
219.319
202.758
266.944
275.835
541.243
227.414
207.531
204.389
253.387
211.088
311.114
204.448
285.48
200.34
315.133
204.47
213.64
328.136
274.19
780.102
218.275
218.181
358.13
274.377
225.204
280.826
223.177
227.458
220.384
301.262
211.454
488.67
483.756
366.65
203.354
233.139
276.416
312.005
213.082
387.759
238.684
203.944
266.195
215.346
215.942
366.562
286.841
207.27
203.63
250.884
278.174
562.813
203.45
273.068
208.739
443.271
304.877
220.061
512.966
327.446
243.649
209.607
209.435
213.703
256.113
205.519
233.968
343.45
238.592
209.158
464.886
265.439
315.964
433.053
289.391
227.335
252.765
249.866
334.027
201.293
224.265
304.053
673.887
251.143
250.747
300.29
207.229
219.164
307.995
257.715
249.69
261.71
308.932
336.311
226.83
240.859
203.519
210.884
274.332
273.978
218.069
224.118
205.456
210.649
268.468
231.927
239.065
380.783
277.863
214.413
266.569
305.478
427.423
200.255
201.938
337.642
207.369
340.106
233.193
273.638
442.557
294.493
220.118
200.975
535.71
648.787
348.132
326.256
228.563
218.337
257.463
278.424
284.645
232.648
219.657
207.945
215.423
226.201
887.41
255.47
272.555
224.087
205.271
415.146
236.459
337.6
1063.88
251.936
225.635
265.722
354.701
251.762
607.576
370.161
561.025
419.868
214.807
217.414
582.747
307.799
339.181
327.515
224.114
304.977
246.317
219.629
250.839
211.894
244.884
203.917
268.356
607.427
228.007
266.355
351.063
583.383
316.526
307.259
666.589
201.814
359.989
375.312
209.859
293.29
287.938
212.636
344.527
380.979
200.469
242.211
363
275.298
307.444
212.688
254.386
352.556
327.403
223.128
261.958
445.477
230.378
316.255
210.976
387.453
250.316
209.237
273.876
283.664
255.006
311.692
378.756
228.834
209.356
256.418
233.004
207.911
258.83
237.525
236.07
226.438
281.06
355.162
396.085
275.799
231.186
246.506
243.327
273.267
231.054
457.826
229.323
216.009
513.248
308.496
263.507
243.717
224.459
212.528
299.5
352.098
227.068
213.839
391.746
240.252
299.441
260.075
220.622
689.577
200.24
533.284
324.301
215.697
246.108
202.292
526.861
249.052
233.15
200.05
210.186
230.211
283.667
254.407
212.365
335.535
535.794
380.145
436.363
200.33
217.637
504.588
208.873
249.481
211.877
218.856
474.289
256.895
314.698
318.76
247.909
240.092
440.151
290.184
316.449
249.572
253.681
217.975
832.801
201.047
326.625
205.037
247.217
206.901
268.196
236.873
208.543
423.108
481.147
231.004
302.427
244.649
394.549
255.053
208.106
337.306
285.105
315.862
206.826
393.892
224.669
200.502
207.495
202.576
214.28
274.459
215.553
312.557
210.639
275.721
265.646
269.881
269.032
269.513
359.466
236.087
214.18
211.729
214.434
263.987
212.332
255.024
952.398
211.303
355.238
260.966
272.841
359.117
246.558
340.297
230.682
244.937
286.451
258.478
216.806
248.558
244.264
227.743
273.598
203.855
202.813
351.021
205.037
210.114
214.558
220.805
327.275
241.952
329.97
254.27
224.927
543.105
396.628
216.931
338.973
361.256
213.045
218.105
311.17
218.38
262.819
261.086
246.169
238.388
249.634
613.319
271.183
256.332
265.505
221.185
228.585
242.332
503.046
457.183
218.385
267.329
242.014
299.321
438.323
275.389
297.313
201.68
579.942
394.899
264.87
263.623
290.508
562.676
207.974
236.347
317.564
547.216
335.655
328.369
252.393
282.885
450.505
215.65
281.791
432.224
223.3
510.792
386.324
206.23
262.269
384.285
210.516
233.705
237.746
208.847
233.536
221.025
375.961
262.507
455.912
347.022
390.936
402.339
206.199
614.531
317.633
369.774
266.111
334.048
481.445
210.017
220.511
228.716
209.752
450.008
277.415
255.855
237.316
296.848
216.28
339.243
275.084
329.178
354.353
212.264
241.108
238.086
238.569
302.055
266.423
211.473
326.96
267.511
268.231
277.292
254.295
205.74
306.847
237.449
234.864
223.989
308.796
221.851
269.663
388.043
246.138
310.359
206.937
279.628
432.797
260.803
215.453
213.253
312.202
278.067
352.778
254.976
202.373
616.198
202.002
314.018
367.995
281.121
205.726
421.721
201.308
251.352
354.188
275.828
225.468
203.261
238.847
358.209
226.57
338.802
234.096
490.865
281.551
283.106
207.976
234.874
331.748
239.618
205.672
226.234
420.302
252.527
308.365
226.449
407.469
568.979
231.484
303.977
203.681
244.714
327.876
369.125
218.628
436.962
250.494
218.95
276.706
222.738
204.592
262.637
220.703
203.539
240.404
215.149
271.089
266.143
205.31
308.067
303.775
447.876
261.461
201.896
369.578
522.106
398.129
254.191
298.558
269.95
348.96
294.34
475.666
588.979
307.739
233.238
231.279
227.633
306.167
334.873
283.371
303.421
516.945
276.15
260.179
235.939
302.39
303.458
239.445
289.769
997.643
243.286
214.413
274.678
563.393
315.211
305.686
247.352
278.343
221.136
497.607
221.011
203.684
713.595
218.493
388.082
236.869
257.117
242.306
227.488
220.159
243.83
281.329
265.281
232.265
292.831
201.142
251.364
344.171
216.832
203.659
981.065
362.351
224.807
217.915
283.307
204.208
231.329
290.407
225.351
358.434
286.14
204.091
255.996
503.526
205.059
216.296
219.814
769.389
220.257
307.995
223.803
202.919
264.074
209.077
256.854
484.103
249.09
452.784
273.876
358.575
389.714
306.808
201.938
218.47
333.924
226.749
273.947
330.985
355.601
314.453
249.634
226.128
227.009
229.316
361.406
218.81
217.566
379.929
255.969
305.743
212.179
375.544
279.773
308.874
360.982
355.697
276.505
374.104
275.391
339.656
243.625
323.18
227.912
299.02
263.475
207.082
316.152
243.575
270.413
231.925
377.239
235.211
424.798
450.857
273.931
209.6
223.22
254.024
332.336
214.304
337.723
203.745
351.132
212.403
348.105
201.002
274.308
305.634
953.164
533.427
522.991
597.685
411.835
415.287
201.08
336.237
303.035
301.907
343.109
282.804
207.538
224.404
395.337
378.589
219.795
302.498
305.532
288.572
224.054
299.767
360.108
254.254
266.702
267.565
256.981
205.482
361.361
269.242
534.858
376.306
225.956
340.298
760.209
261.293
254.611
216.104
448.175
232.14
251.74
215.713
246.71
320.166
244.587
207.841
500.925
216.37
233.335
210.798
356.651
378.366
217.382
208.967
264.911
232.611
442.823
396.418
313.904
444.753
214.427
202.63
209.194
223.788
294.707
448.524
239.468
418.429
342.745
247.655
443.91
207.183
517.74
508.603
229.499
209.39
209.411
516.605
201.147
334.444
245.063
307
252.446
238.583
244.888
400.261
344.977
211.308
225.482
251.249
425.079
302.438
241.338
227.559
412.564
375.317
200.09
249.652
286.306
358.589
230.015
226.661
347.098
359.095
436.305
246.72
217.035
242.981
270.215
302.541
216.324
225.559
276.96
678.876
254.466
294.413
202.82
998.774
224.491
295.988
275.055
211.618
249.485
235.051
230
230.783
276.729
219.93
206.7
461.759
216.776
243.008
282.772
297.594
218.538
241.638
377.241
286.486
562.117
632.618
238.273
568.78
247.677
200.584
258.536
311.068
201.403
263.78
246.599
203.553
212.958
458.61
337.874
312.671
225.675
865.149
247.281
291.337
245.463
265.036
204.313
240.529
289.665
217.099
212.944
235.478
218.105
261.88
233.176
325.24
217.433
215.993
297.355
254.344
272.4
205.811
218.27
234.696
212.04
263.042
231.227
250.956
289.055
219.374
233.925
253.97
218.769
343.239
338.886
201.047
226.859
234.367
202.761
384.349
235.958
330.22
246.895
214.023
265.394
372.726
204.79
220.379
582.268
229.92
325.414
273.163
306.609
444.274
354.168
204.416
333.488
289.817
266.801
238.797
205.339
384.328
355.911
305.323
289.809
207.225
225.814
560.226
221.847
208.014
205.158
210.77
305.804
240.443
267.131
228.285
253.978
223.455
216.049
222.416
277.566
228.3
284.661
231.991
274.913
217.101
224.031
218.973
217.69
402.444
296.88
343.855
359.265
285.587
326.204
205.602
231.661
281.789
235.794
223.307
278.889
398.87
464.546
251.738
558.882
270.024
209.557
221.269
283.102
201.876
208.279
214.988
313.35
288.03
312.21
405.715
334.646
285.344
358.068
358.187
215.314
236.846
210.381
275.908
408.972
267.213
245.721
277.274
390.61
233.099
207.398
212.335
853.979
250.154
229.425
252.315
237.403
279.226
278.219
511.104
249.201
297.83
225.938
213.516
215.94
307.33
465.461
231.84
296.537
215.304
255.523
266.31
230.352
243.977
229.295
251.931
212.704
282.342
322.624
263.708
271.183
231.769
218.442
587.308
389.752
306.447
252.666
416.432
247.148
282.464
228.497
280.298
281.665
230.76
287.228
204.465
266.24
340.483
265.564
204.626
225.462
329.544
261.473
240.319
262.787
347.405
202.914
643.499
214.014
303.669
330.029
207.56
234.386
335.802
543.357
381.354
281.823
241.419
300.819
217.018
417.52
304.335
326.069
354.883
291.505
344.277
243.119
221.292
557.845
210.867
417.804
275.784
214.511
267.825
504.624
544.175
527.136
239.758
318.442
301.033
205.577
272.617
550.099
224.45
269.726
620.704
1689.01
374.668
287.625
321.49
258.138
245.29
428.377
518.847
234.623
293.484
212.276
294.114
280.503
278.128
208.923
203.828
219.374
321.308
207.408
309.246
244.287
220.887
306.573
204.756
337.098
436.943
237.051
260.666
330.858
254.543
296.275
311.62
390.218
235.85
386.215
261.197
220.694
218.131
200.397
407.467
458.998
468.217
254.134
255.137
237.87
270.392
250.623
221.808
206.882
299.593
220.089
443.271
485.604
260.096
296.376
286.761
200.492
445.13
242.283
280.728
300.806
324.629
265.816
210.171
667.709
228.639
221.567
291.551
326.023
306.979
322.585
208.586
201.512
216.009
294.686
209.619
316.766
210.281
514.29
309.576
304.072
224.7
248.304
253.33
240.952
255.462
207.567
225.624
369.79
428.315
418.094
205.546
398.704
218.261
532.489
321.767
421.251
355.732
800.978
246.883
289.812
857.349
219.313
208.792
309.772
348.589
268.978
252.729
382.592
284.32
226.303
249.325
320.415
222.706
230.011
254.378
313.072
454.44
355.024
223.92
549.182
354.312
218.527
212.671
342.397
255.814
487.752
352.013
815.701
212.441
235.423
294.78
220.064
248.312
291.978
474.406
248.115
362.133
205.015
222.367
373.157
201.772
257.533
353.61
240.556
379.506
214.737
286.115
207.589
289.252
389.568
248.006
236.996
242.638
221.504
254.352
250.791
245.809
1072.22
222.439
736.935
211.736
214.22
210.364
220.193
447.571
259.056
286.287
322.658
220.123
242.122
773.702
512.398
290.746
400.58
475.274
471.222
319.6
208.619
462.565
396.172
398.01
215.095
362.458
225.304
210.775
269.679
211.634
242.2
606.182
261.048
236.146
250.876
442.888
665.71
660.277
204.416
224.775
206.364
245.552
201.646
400.477
444.008
281.686
230.124
236.201
232.243
354.178
265.46
274.233
697.093
223.159
331.079
403.472
240.358
211.145
229.133
258.59
283.512
619.705
231.119
298.429
242.734
203.219
359.965
252.073
315.943
240.073
201.869
204.59
512.578
288.382
276.805
434.698
271.772
211.145
407.016
210.257
397.045
274.685
356.305
214.271
240.518
220.629
355.771
205.718
293.268
235.635
215.761
275.343
275.989
238.52
328.213
204.922
267.763
224.123
227.101
303.648
625.689
207.331
326.087
225.61
228.653
218.746
311.891
297.582
366.205
224.448
265.187
410.794
399.782
412.233
222.778
217.164
407.83
280.3
217.361
426.918
300.707
570.901
215.863
540.655
222.099
208.204
244.875
217.302
204.851
327.791
231.182
260.112
224.004
301.98
476.588
360.115
220.939
468.308
225.349
206.211
314.79
249.098
226.261
501.007
208.036
600.907
213.176
362.632
350.376
253.036
377.558
253.484
313.425
220.234
238.372
246.962
229.493
200.1
287.8
248.461
305.223
230.004
227.39
220.014
337.8
346.513
500.675
347.469
940.514
342.57
213.237
312.986
230.985
210.404
255.867
237.947
208.305
254.898
273.841
230.656
237.137
423.362
398.823
344.912
236.466
204.966
358.14
254.833
206.541
202.452
300.754
219.495
220.05
204.727
628.251
432.132
531.326
203.546
282.572
207.362
221.301
311.037
241.58
330.148
285.899
340.193
223.031
479.495
232.168
204.066
262.838
305.936
355.727
209.299
223.859
323.444
207.901
359.554
322.785
249.794
204.858
388.097
255.02
208.19
208.324
225.575
694.092
238.562
434.462
236.723
594.358
443.086
451.296
408.07
221.829
291.493
362.603
275.196
223.529
204.902
381.14
306.082
371.286
227.037
369.207
346.554
257.323
200.94
217.147
282.692
300.06
282.553
397.932
388.233
211.452
378.567
1444.5
245.345
327.287
201.844
260.78
261.822
230.478
221.757
299.444
200.833
332.423
201.574
252.01
250.002
257.344
297.948
218.181
275.9
229.334
212.009
228.169
206.826
280.187
291.228
476.135
218.461
322.532
284.696
200.13
202.699
433.712
348.432
340.599
641.462
306.003
242.027
202.336
206.177
252.042
595.127
221.896
605.298
514.353
230.71
222.259
201.666
227.015
217.018
224.98
211.636
370.266
213.855
535.211
293.258
209.385
323.779
263.526
297.82
201.636
620.504
201.958
200.706
347.631
320.771
366.67
292.315
219.509
217.481
543.635
234.359
203.499
452.089
214.986
257.412
208.598
783.097
580.434
584.733
445.943
241.915
224.893
282.051
222.933
205.47
219.634
273.724
227.728
327.466
221.642
201.844
221.084
253.478
283.917
212.163
292.523
235.351
220.143
235.516
722.198
300.391
332.375
227.427
238.657
347.385
239.019
535.867
652.349
217.522
233.253
391.331
209.232
250.515
227.115
225.53
272.578
478.18
295.068
277.325
261.197
377.135
526.367
229.883
283.579
357.095
201.119
229.887
259.917
204.46
365.548
226.405
252.509
337.242
292.855
206.245
540.704
286.868
932.928
215.407
212.838
219.422
265.893
202.842
389.22
466.762
307.454
360.813
347.249
562.213
966.007
224.286
324.583
321.107
296.761
304.659
292.221
241.334
396.749
314.662
330.047
377.972
374.277
277.69
218.483
208.118
268.05
296.811
287.858
405.687
226.828
389.808
230.885
330.562
283.991
213.537
446.364
334.816
229.34
231.858
217.38
223.602
226.312
222.128
296.747
224.762
281.455
240.371
682.925
371.993
400.44
286.594
327.596
238.065
351.434
239.499
254.401
229.452
219.559
205.404
257.354
220.311
250.513
311.445
222.771
203.394
207.239
241.663
337.609
295.971
349.424
219.272
272.395
376.502
390.61
201.211
326.166
359.266
572.744
382.119
224.181
337.655
226.87
278.539
361.702
269.826
238.696
359.704
256.753
213.638
212.796
1414.47
408.699
213.157
269.164
279.236
233.645
476.399
534.806
300.093
392.92
289.251
403.109
243.329
233.255
210.081
221.185
221.371
300.742
220.565
207.738
211.785
202.368
231.789
224.711
233.714
379.731
207.983
217.355
206.056
276.045
223.043
230.565
237.805
208.18
239.059
223.025
327.364
210.407
319.584
208.689
249.726
200.846
210.026
339.115
202.813
203.226
504.722
268.011
389.231
279.108
242.477
246.359
328.148
206.354
229.234
319.119
246.173
290.568
258.565
338.056
374.833
229.893
220.229
246.725
238.401
212.052
282.721
390.133
222.038
220.66
588.23
253.965
213.857
223.58
219.388
354.381
425.402
219.119
230.18
237.034
273.543
428.102
389.471
214.182
244.229
311.402
288.137
468.835
224.724
325.874
454.109
290.856
238.061
286.932
211.27
230.057
585.277
204.963
553.72
237.826
418.961
207.591
230.348
432.724
365.259
363.435
320.034
230.447
430.292
224.328
235.281
418.988
335.509
341.034
280.394
232.826
361.849
280.628
337.154
215.518
271.689
277.281
231.83
229.565
245.206
219.829
320.128
395.783
240.797
215.882
225.369
220.846
217.345
206.32
478.393
291.45
426.896
224.381
712.17
219.9
206.635
244.371
318.443
326.663
223.121
208.923
363.673
309.458
216.876
462.379
339.158
206.25
208.339
283.042
258.482
2484.13
297.271
308.003
291.014
213.635
338.163
202.408
225.9
395.396
209.189
265.13
337.188
203.032
328.184
353.261
269.5
231.355
514.784
217.796
255.094
248.357
243.721
256.1
232.469
256.265
203.042
382.139
214.856
236.554
277.328
319.944
223.931
256.189
220.708
264.96
314.73
310.05
468.73
258.366
218.676
306.131
220.715
200.636
362.975
263.239
314.185
223.694
211.788
254.714
209.979
261.358
304.311
233.731
226.967
202.768
326.96
241.622
218.685
208.207
219.864
263.97
575.918
222.677
296.52
286.613
247.259
747.522
303.023
221.779
214.644
951.426
278.464
206.099
241.164
208.197
210.9
202.235
220.921
376.25
283.701
368.829
210.749
206.289
282.37
341.653
202.702
204.695
372.379
277.534
258.747
458.981
208.295
257.165
331.601
209.105
276.487
233.482
251.835
207.147
228.998
260.801
371.606
313.102
293.363
201.95
294.297
231.959
208.799
384.601
284.784
203.769
254.547
233.454
258.606
241.514
324.173
214.853
200.287
246.254
259.971
289.626
214.353
257.515
347.886
327.756
257.29
226.146
250.296
468.768
336.033
414.649
287.012
321.495
231.942
201.529
244.963
336.938
236.311
579.825
293.52
211.658
280.749
388.149
515.761
209.671
220.964
239.56
207.646
224.156
261.838
246.727
242.112
257.105
200.11
508.421
204.015
222.619
203.72
288.5
262.45
230.417
350.346
412.534
280.777
256.306
246.741
236.516
226.517
229.613
309.808
272.04
231.998
241.462
225.668
855.106
202.687
236.542
266.818
439.779
311.734
233.232
208.334
354.409
671.838
389.702
222.405
379.31
230.857
357.551
234.555
208.638
218.055
313.509
259.985
215.634
272.496
288.028
228.37
376.63
221.612
219.6
293.029
206.964
365.105
259.168
347.799
234.627
315.135
203.659
239.537
200.696
232.11
275.962
340.732
529.575
269.754
220.626
236.588
294.786
240.481
278.568
235.975
232.398
221.242
239.355
329.413
304.998
207.569
210.378
242.258
314.879
293.723
205.548
232.558
388.131
264.857
307.259
250.448
256.813
263.53
213.197
309.764
545.951
295.696
202.655
247.457
205.21
262.835
256.634
253.075
224.795
372.721
246.53
528.199
232.332
348.436
375.384
482.684
209.724
209.619
371.821
1198.73
376.303
312.58
284.774
204.044
322.74
264.437
285.673
203.59
230.779
220.645
308.417
214.206
492.134
224.114
205.645
225.69
293.027
319.575
306.782
202.265
219.854
258.515
263.532
215.446
627.17
244.121
225.586
353
356.781
435.06
285.844
327.744
216.197
475.322
491.909
221.335
280.806
277.534
440.5
251.072
208.041
355.609
258.954
296.998
354.724
205.492
322.326
587.931
425.686
229.41
411.457
260.5
273.697
246.512
208.322
286.892
208.219
317.388
234.427
213.483
261.444
245.662
243.335
208.017
488.733
253.016
264.613
280.373
277.265
209.435
260.104
208.624
309.488
231.853
245.915
336.464
235.453
220.631
223.235
426.864
245.719
515.589
211.511
207.031
232.669
270.723
331.836
294.088
332.188
250.93
335.918
340.773
257.816
484.889
282.294
203.593
210.228
882.341
218.797
200.415
280.025
246.043
228.298
347.184
207.543
206.855
227.086
219.048
232.36
302.372
259.91
225.282
550.884
557.036
386.906
219.793
323.915
284.607
534.905
320.253
246.962
219.272
309.96
228.76
510.642
327.507
345.028
260.313
207.396
310.982
289.147
274.802
227.148
216.643
259.224
1270.37
201.723
248.54
466.375
280.469
252.82
232.465
460.242
216.13
206.303
236.493
206.99
229.55
234.521
200.843
799.757
208.334
306.888
445.211
215.153
207.06
208.183
299.308
768.649
239.305
219.993
276.237
262.867
250.064
226.002
274.634
460.702
207.521
248.785
303.371
316.291
215.272
281.918
292.513
312.794
337.707
209.943
272.197
256.162
328.151
206.739
214.527
276.092
210.086
323.428
330.12
239.935
460.196
361.127
204.088
218.925
294.173
287.632
248.274
458.657
253.261
213.897
812.278
270.784
247.879
215.907
248.548
202.124
228.996
384.916
439.977
241.613
260.033
219.162
268.946
205.129
381.39
308.522
701.935
732.299
245.504
396.753
208.837
226.157
204.34
385.092
449.74
287.362
223.81
298.013
221.581
284.273
355.1
217.458
217.486
245.084
365.846
277.734
225.59
225.814
204.538
317.758
204.348
228.67
244.986
282.763
345.491
240.356
214.588
237.167
270.254
301.781
296.051
275.167
295.44
218.538
237.527
210.359
241.037
216.495
236.525
248.308
346.449
210.637
221.995
202.354
220.844
229.819
218.089
239.445
660.047
407.907
830.237
205.917
222.881
255.349
202.544
572.673
311.941
224.123
254.88
245.479
212.908
281.436
319.155
240.439
206.843
311.581
231.888
226.896
231.933
214.798
267.034
435.118
373.027
253.042
227.662
490.68
219.889
331.397
216.594
234.269
439.538
309.257
304.893
245.477
261.297
220.154
354.229
303.081
1145.79
216.444
209.191
205.268
240.909
642.633
210.324
471.149
221
545.882
388.573
322.515
201.586
205.215
203.61
391.742
280.189
203.792
260.933
260.803
562.159
221.052
220.928
267.522
909.672
246.887
236.453
230.324
229.839
428.152
368.443
225.712
258.639
208.82
255.125
266.702
245.218
991.765
242.087
262.41
412.501
231.141
289.974
343.163
436.457
441.046
233.227
250.938
583.764
207.644
205.207
202.961
236.22
227.434
215.047
437.487
601.185
359.299
230.443
511.002
366.285
362.033
211.414
377.156
265.264
252.854
335.513
436
207.215
216.67
204.844
316.964
309.558
234.898
218.63
404.685
374.235
212.047
559.912
294.372
288.565
320.618
224.631
226.077
273.596
270.817
293.764
205.961
203.244
271.116
221.129
215.351
233.521
270.501
356.076
225.765
331.858
382.604
243.598
221.944
391.144
346.007
218.442
207.331
371.516
201.345
229.07
207.333
204.093
287.71
202.168
222.214
204.088
212.666
381.165
200.282
448.573
303.392
405.835
334.576
203.305
251.798
383.947
340.585
225.342
423.634
252.856
280.168
362.904
354.941
210.535
378.009
230.1
236.432
221.237
232.17
202.04
217.373
210.625
240.027
337.062
395.828
378.575
252.925
293.078
242.299
256.297
416.178
247.269
228.825
209.468
225.508
571.886
1169.8
730.702
229.954
206.16
203.071
469.659
225.88
258.091
205.158
378.694
228.537
214.397
276.78
274.492
223.35
210.2
242.025
244.098
220.341
216.157
222.948
206.356
433.09
214.604
311.125
204.6
248.326
251.177
422.378
343.001
699.178
237.731
216.215
203.421
208.607
367.867
302.954
241.648
416.476
465.198
235.939
230.054
283.311
226.442
270.078
280.525
252.339
369.859
362.42
222.101
213.759
231.201
308.793
206.528
259.517
268.948
230.755
363.522
375.991
227.119
235.722
1089.23
462.207
296.486
325.794
743.342
287.482
313.621
218.364
283.164
211.147
254.714
233.461
356.746
214.588
379.396
289.463
200.604
232.689
448.029
478.36
215.513
571.332
330.045
234.036
227.445
495.962
210.471
207.889
375.673
246.921
225.504
213.773
281.413
478.058
258.963
252.232
203.236
205.268
272.356
263.471
225.812
250.787
249.958
208.713
407.458
308.094
209.569
253.44
205.18
483.379
217.945
386.919
439.603
266.773
331.059
232.407
283.697
500.778
976.514
216.998
208.931
302.204
273.914
267.271
301.894
203.128
461.57
513.226
269.132
263.124
316.804
334.157
364.863
559.3
313.433
237.369
281.585
422.458
234.378
301.405
209.16
275.022
416.482
383.547
201.842
293.638
211.043
432.908
201.353
201.869
295.966
322.245
375.315
390.346
432.279
266.591
208.048
564.098
228.329
676.538
470.354
237.31
633.998
476.001
537.598
272.478
248.946
218.737
227.781
275.036
418.909
319.956
992.201
205.056
281.379
286.192
244.645
203.332
237.413
275.991
417.846
298.434
204.083
268.944
227.431
201.497
380.125
222.966
212.542
329.738
263.165
296.373
213.396
1147.49
264.403
266.957
233.011
318.251
285.193
288.586
269
460.819
240.749
287.739
721.028
252.565
215.903
232.991
318.525
223.435
209.385
345.89
215.43
200.751
223.343
269.9
272.927
208.703
301.203
300.381
247.881
256.749
244.839
279.614
200.21
202.136
248.477
232.54
267.296
431.037
252.087
404.315
242.992
263.374
434.351
247.326
205.161
229.661
220.556
212.502
221.718
522.571
312.752
247.241
264.823
239.01
227.745
225.024
206.235
225.969
295.373
419.569
715.852
267.825
1891.65
301.647
354.732
326.763
249.161
236.066
302.951
323.458
507.932
204.648
484.48
318.006
257.406
203.944
1187.62
267.357
295.513
457.458
206.257
241.127
304.785
309.27
223.835
228.76
372.756
350.575
211.518
233.763
204.978
389.412
201.333
235.75
239.556
273.542
214.709
235.493
404.807
208.916
578.042
205.516
345.355
277.701
691.29
330.336
200.297
302.954
206.165
354.48
533.661
215.926
208.602
248.103
244.875
633.327
240.543
1035.54
560.195
313.896
257.665
798.957
451.9
660.116
280.954
318.24
209.681
255.912
236.104
490.182
263.522
310.5
268.246
446.672
341.533
629.055
266.225
255.99
414.515
371.334
250.601
280.389
250.581
207.954
204.524
207.995
694.557
376.983
212.925
229.645
502.464
208.36
247.053
220.758
355.101
222.401
331.548
281.5
223.884
240.048
387.527
443.541
240.264
241.185
219.144
208.319
204.648
276.179
449.618
260.083
349.252
202.519
276.711
296.891
514.286
762.864
200.135
327.182
517.982
238.757
206.216
392.649
250.922
232.426
1389.88
521.792
233.034
282.275
260.709
221.102
361.109
510.59
225.796
320.511
219.183
253.947
217.518
291.275
606.246
272.446
236.25
251.486
296.355
486.556
238.868
305.089
228.587
258.143
345.128
323.992
266.301
357.417
341.665
227.423
257.886
277.13
245.78
244.088
218.481
686.901
365.59
336.361
477.876
275.674
408.781
591.968
244.779
231.612
1203.66
244.641
221.032
208.226
242.359
216.453
212.594
209.752
212.203
216.587
228.346
273.362
474.587
237.426
286.25
279.866
529.5
271.77
697.666
225.298
320.603
250.25
426.345
222.908
229.489
221.488
485.589
355.352
455.026
656.694
203.615
242.568
205.837
212.474
272.509
221.314
538.551
275.461
267.384
297.027
280.587
319.487
231.538
259.249
242.687
242.014
212.445
235.801
261.61
569.789
254.431
208.255
324.231
318.807
224.566
253.5
276.009
216.167
225.537
259.496
226.08
260.939
781.023
245.41
218.557
204.455
252.749
256.78
274.106
203.428
541.98
261.524
306.229
243.021
205.353
226.422
1580.73
297.296
376.367
313.971
379.084
428.651
278.455
323.971
350.845
309.129
217.908
285.687
244.728
318.58
324.597
343.569
662.659
240.279
201.132
200.656
272.018
577.624
215.316
228.11
221.158
265.853
228.499
360.197
295.888
357.624
232.656
249.54
209.518
261.717
287.931
365.955
259.378
207.08
235.191
219.454
226.256
232.131
247.697
353.956
264.271
261.247
320.457
240.846
375.296
260.797
205.21
447.974
356.347
252.01
277.845
233.517
209.623
245.367
224.844
203.103
482.011
214.464
207.634
260.127
274.244
331.255
235.718
211.962
258.027
210.469
217.182
296.867
384.73
314.458
388.969
245.583
242.481
228.736
206.538
730.494
209.285
571.598
275.064
1272.8
353.852
235.185
229.661
222.877
335.067
302.242
337.085
215.258
244.822
217.614
370.022
226.985
259.338
458.441
238.386
365.641
260.837
263.34
315.238
202.598
387.887
369.267
219.089
375.072
233.234
213.518
345.39
267.073
285.694
301.251
249.548
638.194
282.099
246.986
395.932
224.125
277.703
270.989
386.205
384.302
245.481
391.216
246.637
895.991
272.303
292.482
201.688
384.982
222
233.043
236.459
266.224
262.473
382.995
206.903
334.094
434.382
202.116
218.52
259.305
201.36
273.287
242.784
320.905
326.542
379.728
460.27
216.326
320.389
271.765
405.073
202.559
314.328
235.149
316.579
205.327
226.263
338.081
232.487
262.599
274.74
320.294
250.872
203.787
214.586
670.156
242.301
228.758
242.186
236.989
234.531
217.196
435.423
261.415
252.365
315.647
234.615
239.702
692.15
256.012
294.243
313.651
223.41
332.465
257.924
264.734
219.7
222.744
300.033
420.611
216.137
462.202
218.325
237.08
314.541
263.6
368.749
204.309
201.465
251.394
292.904
219.677
217.048
206.153
303.2
282.585
241.907
650.64
228.309
603.93
375.823
210.602
257.41
240.012
335.675
272.217
249.562
228.004
259.736
239.89
209.17
407.761
270.374
212.967
265.309
214.385
260.327
246.351
361.115
206.342
267.759
452.628
239.902
258.482
533.76
379.286
219.098
240.427
252.755
447.457
216.767
244.158
572.109
358.989
235.355
282.129
334.302
390.404
322.768
204.147
297.17
209.907
278.762
291.919
555.222
200.699
219.283
300.992
205.636
313.292
288.619
208.449
234.147
227.631
524.822
316.378
276.025
215.578
312.059
266.605
615.342
266.681
224.303
276.635
254.38
261.927
329.535
266.599
218.893
203.573
373.52
264.915
456.933
322.493
275.418
421.633
211.308
335.425
238.218
311.18
208.403
227.669
227.455
216.836
207.432
212.257
267.378
252.711
360.832
264.704
275.614
279.766
318.556
227.53
206.739
238.684
247.271
272.566
325.344
205.168
227.48
319.751
335.094
483.124
229.743
226.912
221.54
496.252
239.332
214.495
253.62
205.954
248.163
229.404
266.541
573.801
300.679
220.125
315.984
306.534
276.65
236.402
294.712
293.724
262.585
365.415
348.234
372.224
213.691
229.028
464.018
357.806
220.459
223.819
259.6
206.274
458.255
619.759
292.045
288.591
286.7
333.021
200.539
252.832
204.812
308.932
416.256
398.788
275.692
356.505
227.982
219.977
202.662
226.42
264.292
301.755
224.822
1030.14
525.15
318.413
214.121
240.923
264.747
235.04
211.336
295.286
257.831
238.529
233.649
215.55
315.902
323.21
238.569
265.919
206.291
398.791
215.722
201.96
363.222
222.598
202.121
209.476
232.263
286.768
223.206
217.715
253.697
287.66
322.059
206.405
220.095
200.756
212.243
338.528
298.88
208.837
210.305
445.975
213.553
346.722
229.255
204.22
256.49
387.274
220.776
268.339
278.205
211.658
200.282
314.038
239.729
798.197
225.781
255.296
223.944
298.34
518.483
214.177
269.191
221.47
457.05
674.191
223.488
211.381
204.171
223.58
271.076
239.207
251.127
316.482
260.981
243.536
267.668
258.561
219.107
212.786
345.72
326.425
213.525
232.665
226.144
476.592
270.723
321.372
234.512
232.972
406.228
233.863
394.619
674.007
382.952
216.282
283.79
252.587
228.919
224.259
316.951
488.783
215.228
223.935
257.507
210.509
214.77
354.831
211.686
207.605
258.818
234.849
812.252
1030.55
234.879
305.799
308.82
204.722
206.087
345.99
238.862
300.623
215.979
210.29
216.859
313.96
281.116
444.239
229.88
939.921
209.712
206.032
314.38
451.793
224.784
213.893
208.526
352.373
328.229
244.904
274.554
399.596
202.386
246.587
200.644
213.885
218.433
303.625
260.937
281.148
610.24
339.857
231.797
258.043
223.508
273.284
220.386
232.719
273.146
227.989
287.772
296.594
200.938
267.404
232.719
560.167
219.989
201.117
200.105
200.995
281.404
212.655
418.002
242.592
325.599
439.461
210.59
216.901
308.875
228.834
414.337
724.6
400.753
228.954
264.068
412.589
300.721
497.237
810.712
200.97
246.621
215.792
745.948
325.16
228.182
283.35
269.154
235.006
262.412
342.952
576.733
238.355
205.258
239.09
581.053
221.224
248.024
321.672
503.598
202.297
214.795
230.634
267.567
242.128
206.545
292.949
382.221
244.082
334.903
310.406
234.962
228.462
221.531
207.203
249.932
200.212
213.691
230.183
253.047
252.262
280.544
218.197
273.739
328.422
464.014
258.902
213.244
266.818
200.943
238.313
248.753
229.667
232.891
333.459
218.133
395.812
201.338
217.908
536.578
337.528
213.117
382.817
434.314
225.084
270.387
646.104
221.185
212.958
307.82
329.991
442.149
387.408
457.952
293.43
215.267
236.451
342.615
233.838
273.187
226.495
244.602
236.157
348.527
237.792
293.998
337.529
201.723
683.65
233.077
318.137
215.849
245.766
419.82
242.221
291
220.375
290.25
401.042
388.01
287.399
309.916
637.274
278.187
276.199
219.868
208.389
428.939
303.923
243.936
209.974
206.361
328.468
355.66
468.924
242.25
247.119
216.585
248.23
238.828
204.78
367.623
471.822
259.513
327.477
208.945
218.536
211.249
377.42
218.598
235.196
261.842
798.027
396.154
337.053
226.325
574.2
337.972
401.846
350.594
238.195
248.216
295.774
268.009
215.023
313.544
362.632
206.468
267.685
203.922
248.934
243.731
337.205
810.6
308.261
343.785
644.549
234.135
241.441
285.991
594.46
200.898
502.051
269.284
252.081
503.422
286.885
221.644
227.436
350.743
250.062
243.144
228.331
343.353
202.005
250.386
346.79
323.105
522.023
213.502
314.213
279.476
376.809
268.79
315.003
287.658
372.106
288.602
427.153
287.606
216.423
208.427
455.653
222.589
575.384
520.873
250.781
240.246
295.483
287.663
230.597
396.575
295.971
254.175
336.964
539.098
610.304
255.157
212.358
736.995
222.688
209.986
206.56
306.534
242.378
209.573
273.271
303.425
234.811
405.734
287.176
201.822
217.115
271.56
201.457
766.799
243.768
320.992
282.384
212.718
368.737
219.276
217.952
264.583
412.474
292.082
232.547
200.641
497.198
459.022
203.059
273.852
438.725
506.471
223.647
412.617
281.414
258.277
366.958
284.788
359.819
270.791
278.541
211.559
331.109
1607.13
243.528
240.826
283.129
304.148
599.853
207.646
200.699
343.936
346.363
222.272
256.152
252.541
200.903
225.896
232.454
212.577
1181.73
343.204
222.773
200.192
263.682
785.719
356.27
339.424
739.876
224.904
228.215
253.359
224.515
538.157
1528.06
234.448
212.229
263.998
249.508
299.722
233.232
448.032
245.99
250.26
289.475
391.169
273.108
251.143
409.174
235.862
208.911
233.002
235.259
223.26
204.729
254.466
212.071
273.617
520.3
311.617
313.254
516.016
282.542
366.176
355.166
421.006
281.073
217.683
279.193
1527.05
340.279
365.33
270.511
242.204
451.218
339.295
248.906
245.856
783.395
566.948
258.232
367.993
297.084
311.317
332.591
265.981
262.067
885.589
310.332
213.745
232.981
201.142
326.585
710.182
226.332
213.084
248.324
222.097
466.891
316.784
220.198
209.876
247.504
224.691
226.471
290.661
239.364
454.908
202.699
240.481
550.408
248.224
315.53
219.048
356.881
275.726
249.524
294.6
335.588
372.145
281.785
257.874
273.214
224.884
527.932
273.395
300.769
225.158
351.379
326.552
217.463
276.158
334.881
426.739
257.369
268.82
432.665
239.846
322.772
291.204
399.919
205.949
291.608
304.746
209.022
278.986
247.435
473.051
273.467
298.918
215.578
270.834
223.984
213.813
640.679
614.066
225.593
242.551
649.606
232.858
222.322
466.577
258.521
236.639
326.87
252.507
276.534
226.828
470.215
201.37
294.459
277.42
234.953
257.89
234.32
207.372
216.282
344.797
309.408
248.345
210.77
215.186
224.989
227.614
222.016
206.272
229.417
462.243
439.025
377.963
362.78
301.201
254.421
260.787
441.046
288.986
244.561
592.636
358.215
289.123
280.737
414.859
249.022
399.497
227.227
248.994
246.874
204.985
419.093
363.795
345.572
210.746
745.433
248.63
220.493
224.537
449.338
493.543
291.313
201.532
330.347
240.653
516.354
208.497
628.552
243.738
228.099
214.788
399.871
384.903
343.168
304.767
311.363
243.16
261.17
347.921
203.654
342.985
493.472
290.415
255.384
202.746
210.067
246.374
358.352
410.124
378.255
233.525
226.93
235.919
271.715
308.977
201.388
227.763
307.886
234.139
362.375
204.578
244.657
350.94
212.633
296.523
206.567
228.965
570.99
289.957
233.424
393.223
211.705
206.136
285.168
235.238
231.303
251.418
312.492
218.982
477.392
281.542
209.189
285.046
268.714
247.295
201.869
757.258
641.065
216.192
239.153
211.967
445.64
316.176
647.471
230.317
357.466
338.897
797.707
439.181
271.976
516.011
248.566
218.215
260.135
219.454
254.672
227.719
247.903
228.061
215.759
321.093
703.776
391.147
239.42
230.835
297.289
226.978
215.218
212.41
288.863
434.076
319.26
313.286
287.779
286.822
272.375
248.986
250.484
500.13
204.634
410.367
237.419
225.306
208.794
202.233
300.378
332.627
562.695
252.63
422.443
461.132
340.503
204.02
208.969
292
435.656
350.973
308.558
237.748
254.039
266.096
585.824
208.382
441.275
243.06
320.372
230.467
200.395
349.288
232.798
320.378
207.824
236.865
292.923
240.4
421.987
242.693
285.272
526.725
491.704
243.744
211.223
262.897
361.069
395.96
252.771
285.937
243.565
433.938
217.242
241.698
303.305
256.813
204.25
613.758
202.388
286.566
211.426
316.443
217.506
261.339
338.072
352.3
207.923
200.05
239.639
839.646
218.541
305.943
697.546
285.515
281.075
420.59
335.68
696.76
236.837
709.606
269.182
235.663
230.285
229.765
276.187
264.104
218.387
285.977
445.345
234.173
233.904
1141.29
284.144
338.761
520.967
208.01
254.959
217.83
403.324
264.692
337.227
215.998
316.422
435.784
222.378
277.292
363.982
294.59
247.493
308.299
225.198
220.799
290.229
471.787
377.086
336.676
273.044
266.006
441.275
308.365
300.729
204.304
225.251
372.466
237.438
499.703
302.663
213.04
350.718
792.991
252.347
308.08
233.88
295.665
202.467
280.726
230.432
453.988
399.158
252.598
217.035
337.344
624.659
359.906
290.73
206.104
1151.38
219.112
235.459
223.065
453.883
277.982
260.576
257.986
232.267
225.728
370.286
269.145
224.335
280.656
219.053
297.093
442.354
375.243
441.991
397.724
208.372
225.936
272.195
240.981
244.268
239.762
641.254
227.895
265.243
488.714
220.98
404.944
259.99
477.413
201.052
275.85
266.535
222.556
396.897
274.516
241.557
464.21
222.769
456.163
247.316
235.274
201.288
207.536
204.88
240.929
264.908
285.669
277.433
501.62
234.678
226.788
245.033
201.39
242.225
312.33
203.914
228.32
276.725
250.763
201.574
507.141
395.851
354.151
417.23
400.659
