303.709
444.073
204.871
208.888
260.749
240.535
271.744
310.891
270.819
227.121
218.756
203.347
218.977
383.269
259.413
736.191
330.071
242.654
210.912
287.979
222.02
277.097
281.407
956.552
210.844
343.927
257.752
259.971
242.796
203.63
248.93
237.91
276.063
281.741
209.988
340.727
230.586
282.722
295.08
277.173
217.963
208.413
209.907
266.762
272.916
206.686
328.091
254.924
261.84
823.544
245.147
250.713
496.4
274.173
283.071
240.254
216.322
210
297.407
332.914
202.485
227.073
208.83
405.443
594.016
378.053
215.465
244.591
305.395
212.403
231.249
460.155
291.776
257.06
263.668
234.947
215.156
290.205
298.603
316.307
232.159
278.356
265.874
220.468
409.528
300.757
201.249
289.846
627.966
274.122
356.08
248.292
425.56
203.465
1212.56
346.892
366.767
240.47
247.942
277.703
298.625
284.608
353.843
458.674
287.115
284.382
247.808
274.259
231.812
203.45
302.4
412.022
283.574
300.811
266.546
369.375
212.516
213.972
277.534
227.781
699.515
238.981
240.185
476.454
354.727
243.557
434.19
361.309
294.534
346.788
206.429
223.379
254.637
351.602
310.118
285.417
283.498
228.685
264.409
211.272
422.33
290.215
311.427
208.806
239.604
200.357
341.287
235.306
275.169
224.397
397.667
214.383
384.51
710.001
298.362
321.59
230.263
453.139
268.052
213.614
226.53
229.704
278.869
333.718
212.226
224.927
291.184
296.051
202.736
271.93
248.443
304.304
373.383
204.12
268.487
218.28
366.79
218.041
297.799
281.5
222.72
284.468
486.898
259.334
269.609
217.989
257.366
328.423
271.337
250.414
227.315
217.081
414.863
1110.78
224.884
250.743
202.025
242.771
339.57
419.58
258.37
243.076
215.081
279.138
317.899
210.685
287.618
245.941
286.552
354.614
389.897
276.129
240.354
279.546
358.353
249.337
280.068
248.034
250.298
218.023
406.255
215.984
202.109
275.273
364.486
283.164
332.749
212.965
349.564
399.436
287.936
211.384
322.786
336.244
368.757
258.776
235.451
200.649
735.515
242.555
266.18
239.767
223.381
209.33
293.677
218.298
512.067
286.388
254.136
231.62
215.29
255.1
212.375
230.502
541.961
319.161
255.431
346.759
300.232
228.611
449.042
216.287
237.615
247.346
447.941
206.512
328.67
336.076
291.592
255.771
456.281
224.408
216.993
370.204
299.486
235.739
254.051
318.135
247.598
239.606
275.389
254.297
729.028
236.182
293.981
225.111
269.243
209.986
269.679
208.646
261.821
260.513
1006.55
470.627
217.878
384.588
363.348
569.36
456.43
518.518
341.416
410.843
203.701
205.623
438.806
213.565
266.438
201.698
209.824
287.172
403.249
251.468
401.588
504.766
204.893
253.3
455.815
218.28
490.254
215.342
204.661
259.937
227.644
322.293
225.304
308.462
236.455
751.715
498.994
327.686
231.171
357.158
227.007
291.44
278.185
225.599
236.639
239.203
291.055
213.553
445.956
273.719
222.268
276.308
203.44
248.183
288.187
480.258
257.101
370.62
266.445
241.394
392.8
238.229
396.598
228.383
204.583
293.428
444.953
225.528
351.847
524.187
265.55
258.847
345.458
237.87
304.043
283.159
307.75
311.713
230.851
206.153
243.711
309.748
441.011
889.285
252.757
229.621
205.017
424.25
215.235
250.872
214.346
238.403
237.546
347.872
225.278
220.359
276.228
314.865
515.358
258.778
205.808
242.339
279.491
230.651
212.342
217.221
242.726
330.658
208.993
307.42
309.532
421.317
414.343
296.736
205.477
234.137
264.008
361.91
264.802
208.923
314.42
285.263
470.095
601.722
315.17
213.218
291.108
205.509
243.738
242.38
213.431
211.263
212.429
223.193
245.051
201.455
207.222
203.086
560.392
237.662
449.299
239.842
351.09
300.91
305.465
277.957
204.79
279.623
279.179
493.648
203.868
445.438
214.266
285.804
212.415
334.761
257
230.067
290.038
200.509
218.9
244.014
517.764
282.342
259.577
259.54
296.581
205.066
205.947
341.833
210.886
219.622
218.241
279.995
219.57
249.894
221.292
341.589
225.453
271.081
249.459
215.981
227.414
478.123
298.98
296.724
373.273
217.122
259.401
374.53
306.612
293.157
213.131
322.3
258.06
222.592
222.508
317.615
254.706
370.315
441.522
389.808
264.233
226.453
364.945
247.661
253.166
539.282
286.388
216.259
420.72
590.169
429.304
255.312
221.565
269.752
466.263
323.348
310.358
204.069
211.44
293.954
255.979
254.386
247.964
202.862
534.408
316.932
217.458
265.034
409.363
337.48
425.757
250.709
229.142
395.41
248.968
294.321
325.563
351.043
476.03
222.297
288.075
246.357
200.045
220.611
234.184
344.787
260.645
283.104
261.023
274.259
221.937
270.252
379.888
258.234
250.904
374.116
249.97
246.729
210.685
247.548
306.149
255.282
245.575
297.745
312.45
496.619
352.646
200.968
219.1
332.548
311.429
214.11
268.399
300.413
227.416
223.824
223.159
268.276
281.826
261.721
340.053
294.586
263.342
239.155
274.971
234.723
282.73
200.689
906.179
292.855
288.657
212.457
505.017
200.477
212.753
270.37
261.461
344.465
253.779
439.923
207.246
210.917
306.857
202.064
252.214
266.34
317.959
222.387
291.705
366.742
241.613
205.881
326.864
223.721
300.248
228.123
259.567
230.877
364.561
249.319
240.447
326.602
283.32
290
398.436
291.906
298.138
392.032
220.817
229.02
232.616
341.192
1978.28
278.201
224.437
332.965
528.679
214.089
220.445
316.915
240.329
225.389
344.558
314.544
280.112
201.95
208.674
361.107
369.444
306.487
661.343
328.143
283.394
400.28
549.336
202.941
236.776
315.617
240.45
281.537
209.218
229.619
222.308
355.975
343.987
319.376
255.552
231.659
224.673
204.201
266.462
250.296
215.555
246.268
273.907
201.985
246.575
250.511
226.195
487.39
207.087
214.339
204.749
261.364
212.69
203.244
366.757
243.193
204.895
352.153
207.521
323.804
855.633
295.007
429.129
433.728
362.443
233.538
206.155
221.572
303.2
216.631
216.737
822.779
325.507
225.389
246.083
568.236
249.461
202.709
283.125
307.457
333.976
278.959
368.077
253.515
753.415
265.754
234.647
400.835
240.805
1095.53
283.079
254.087
241.56
210.252
340.038
452.562
448.696
275.205
269.009
201.876
211.081
412.602
201
235.86
828.922
252.513
316.558
297.263
249.536
221.793
286.505
386.312
354.71
284.48
217.111
225.701
202.694
221.05
267.015
242.083
237.219
208.602
225.559
372.968
209.647
380.27
264.015
422.104
299.344
300.436
201.611
905.136
393.981
331.344
330.813
245.55
299.49
223.482
346.609
243.419
253.458
475.406
453.602
450.014
237.762
353.415
311.67
215.81
218.877
200.671
482.747
204.585
227.596
266.088
235.194
420.897
225.903
241.458
305.881
453.817
365.928
319.017
203.404
232.903
429.645
306.292
220.164
260.196
230.623
636.611
325.487
315.913
204.323
302.093
223.915
331.988
422.571
245.416
335.37
279.46
209.359
262.326
200.307
941.02
323.898
225.267
263.314
704.179
203.873
201.723
377.725
234.568
203.777
207.014
230.263
499.928
304.371
294.591
258.828
201.102
808.666
233.069
362.269
212.699
310.003
216.728
379.857
228.812
217.878
324.214
315.603
248.026
287.077
241.079
466.81
306.114
343.406
205.585
273.576
298.533
220.191
540.112
282.094
211.917
255.791
291.947
243.594
291.731
309.141
298.926
336.523
203.01
691.414
380.113
221.104
273.574
523.367
247.396
244.416
291.113
249.568
423.51
231.445
217.274
295.932
383.086
286.655
202.368
233.191
225.743
254.482
414.972
244.943
1032.98
433.289
290.505
610.198
217.55
271.343
224.223
379.941
292.493
225.369
204.546
