281.361
322.67
278.381
444.02
260.862
203.364
218.163
224.062
256.72
243.084
260.413
316.119
381.168
239.054
203.138
260.607
658.337
287.92
204.67
217.663
298.012
213.221
347.18
265.765
259.237
340.852
208.538
200.494
290.016
366.877
343.792
209.363
260.82
796.667
293.966
358.409
200.157
281.876
333.748
266.338
213.612
208.096
247.572
281.725
208.837
355.37
272.943
325.243
285.575
459.941
248.324
247.469
567.178
210.827
485.46
255.961
284.058
472.648
238.849
254.835
211.379
589.144
274.922
380.758
955.267
239.721
223.596
324.909
214.096
458.307
415.838
241.346
277.933
213.488
226.166
213.652
1444.53
259.682
230.866
435.822
211.967
281.215
357.385
263.5
250.511
282.588
219.406
228.09
232.56
203.703
207.027
238.504
210.808
212.854
282.425
237.491
346.059
205.704
224.225
236.844
251.718
220.835
220.833
222.818
247.766
274.379
267.271
203.934
207.215
284.607
315.049
253.953
277.554
357.532
392.728
380.408
221.621
249.866
292.884
292.411
257.272
212.784
254.702
225.553
205.786
282.448
270.178
243.791
617.537
200.659
213.619
241.392
223.511
266.233
219.303
256.289
221.131
2246.06
219.559
278.982
274.66
443.774
200.592
224.033
705.701
238.42
275.962
490.461
234.996
462.317
263.444
213.691
204.639
215.193
204.8
209.225
242.92
225.668
223.991
218.806
382.335
248.089
282.011
310.897
209.354
233.112
256.944
226.61
205.141
334.468
255.319
382.344
235.149
222.198
329.609
496.925
254.88
319.833
221.883
396.654
413.198
368.444
260.912
244.534
231.903
230.476
284.118
221.547
255.699
413.392
200.557
251.746
218.735
214.483
236.633
295.719
245.902
324.56
219.041
213.209
220.166
249.03
312.296
398.17
243.9
251.07
299.715
215.745
243.175
202.877
293.399
207.097
273.891
221.423
300.451
311.506
227.134
479.344
341.775
206.17
499.043
419.002
245.202
208.411
212.838
265.714
251.553
223.882
225.258
212.108
217.578
229.079
217.138
341.931
566.367
358.396
208.99
240.695
229.957
206.419
316.771
237.613
208.837
255.167
317.427
204.309
203.833
215.114
211.969
243.992
301.334
485.144
227.91
270.915
249.772
201.958
409.214
275.868
361.646
236.829
373.462
501.332
221.102
214.651
289.562
204.932
312.42
204.394
252.949
230.265
236.411
209.428
249.702
331.418
233.112
220.291
207.817
267.507
223.403
276.937
200.529
205.244
362.824
224.504
224.254
241.22
307.748
209.01
205.623
416.267
385.382
215.007
228.664
297.49
233.225
423.001
320.228
218.05
208.209
378.493
280.982
364.62
238.126
261.473
270.477
255.586
201.604
835.763
222.041
222.115
213.408
214.653
253.638
217.835
240.724
224.404
236.182
200.192
237.278
200.552
227.073
253.87
207.81
631.36
204.866
367.553
204.587
276.787
214.401
205.694
202.86
261.547
424.771
201.395
299.972
237.563
231.903
606.21
209.299
276.317
299.204
217.244
212.262
247.697
202.519
206.373
226.142
278.55
259.819
226.458
209.888
366.654
310.836
240.027
206.465
347.708
281.84
217.938
242.225
221.858
208.947
205.879
227.207
209.943
254.874
204.573
201.149
210.114
286.1
227.374
260.217
220.159
386.65
275.342
221.07
398.818
839.728
248.95
317.26
226.186
375.089
470.989
225.83
205.358
377.576
227.958
973.469
259.746
226.349
350.133
254.998
215.722
382.177
254.564
206.514
491.127
269.798
284.726
226.993
209.597
304.378
202.692
297.876
773.84
271.284
401.711
200.786
209.222
208.567
254.03
387.386
245.878
208.988
699.235
311.929
211.88
230.367
222.25
250.164
238.027
213.319
326.749
203.396
254.094
288.028
200.634
346.857
269.375
241.52
219.832
218.188
242.491
229.157
247.647
573.68
264.399
288.03
213.862
204.607
244.012
247.219
294.511
280.353
234.889
203.642
208.435
233.497
259.336
249.028
210.675
245.438
515.232
226.155
231.743
321.89
211.417
237.152
205.648
211.057
467.993
271.654
209.002
210.29
212.45
209.788
269.655
226.515
256.107
243.977
347.802
291.448
711.37
204.499
392.001
334.955
246.12
262.357
389.099
233.502
212.045
213.633
264.401
222.326
225.499
407.475
205.188
303.059
232.626
288.815
201.844
481.739
217.538
386.598
205.283
251.273
225.258
321.271
236.791
287.143
236.258
297.622
217.607
207.873
203.6
212.422
404.97
436.841
227.699
217.419
246.481
430.949
227.275
373.551
226.588
216.111
340.877
201.504
211.965
422.998
233.034
235.828
453.029
215.095
209.616
317.91
225.253
301.307
349.789
202.336
227.873
509.873
306.385
204.022
223.504
290.017
304.324
303.686
271.647
303.351
203.61
251.37
249.309
284.482
292.923
478.515
370.67
270.651
203.231
211.168
449.554
206.109
904.331
262.254
202.571
228.252
419.69
289.924
288.292
302.658
217.486
255.519
209.402
348.037
288.437
249.056
356.126
258.612
240.811
219.886
402.942
204.534
566.345
215.981
288.335
252.654
993.092
439.662
541.884
746.555
270.91
330.298
393.205
208.835
364.904
284.424
206.99
243.243
404.408
277.534
231.858
306.531
829.544
228.725
273.403
213.949
206.238
211.393
250.711
427.631
222.587
261.901
201.933
275.882
410.169
209.805
217.497
476.249
349.017
260.728
214.714
380.145
316.983
200.442
426.516
298.679
292.735
440.499
273.07
295.405
388.658
254.167
483.172
331.412
223.092
236.785
201.368
422.355
430.55
283.196
727.374
213.326
328.708
491.834
206.894
292.648
1353.26
308.922
218.252
206.238
284.631
283.154
218.836
237
478.051
319.991
388.826
304.69
220.712
206.177
1295.98
208.552
355.509
543.707
291.484
266.103
237.943
395.922
205.728
328.259
210.24
383.956
297.53
295.809
249.285
206.932
251.992
472.455
212.184
222.76
254.888
223.3
234.412
935.493
224.833
342.247
249.63
336.676
230.389
292.243
204.734
235.563
285.536
215.954
211.232
208.468
310.385
205.553
436.86
575.146
203.536
312.474
274.578
205.263
363.685
217.715
259.85
221.973
237.809
265.273
313.315
255.073
220.613
318.416
295.733
224.504
239.303
313.291
225.951
259.979
516.672
206.543
750.548
201.809
201.633
260.407
244.233
328.248
316.806
223.423
201.055
210.917
300.028
204.873
275.049
338.711
200.741
279.056
209.578
346.712
269.985
207.159
202.887
312.407
209.509
925.236
365.325
311.238
349.789
280.664
235.977
257.762
222.966
211.166
258.563
206.674
303.951
242.01
223.484
360.122
590.187
226.13
334.91
222.268
351.037
397.118
242.396
272.055
274.15
216.749
250.559
323.357
206.594
242.45
288.886
238.864
201.561
227.713
202.294
217.286
203.143
208.701
267.524
409.189
209.621
217.633
248.034
201.874
213.738
227.062
220.991
286.559
317.569
213.923
397.161
244.391
216.677
277.372
439.625
206.475
276.566
363.993
224.991
331.863
228.359
307.713
252.282
273.141
271.52
258.936
374.382
245.536
297.135
247.574
247.243
349.001
393.964
235.693
599.922
958.442
254.61
359.807
331.382
247.301
238.64
204.946
291.536
206.131
277.123
627.173
244.227
237.314
211.41
283.836
221.867
406.854
229.819
231.508
231.004
326.261
212.233
216.421
211.175
255.402
241.777
213.778
211.988
229.166
277.009
257.237
253.697
264.358
359.961
261.371
220.952
577.634
342.374
322.817
304.874
351.874
238.998
256.564
211.4
218.234
258.403
327.352
241.41
202.68
211.674
200.928
638.145
214.704
368.099
258
212.537
224.129
350.196
246.735
294.545
241.948
215.643
228.138
221.368
213.93
1248.73
438.142
555.938
459.7
328.221
306.189
249.824
200.838
212.638
210.314
502.983
203.823
330.221
265.62
228.69
271.943
241.642
230.998
215.277
203.47
410.286
233.94
201.621
256.427
216.64
233.075
252.468
202.781
238.411
211.577
206.804
292.884
236.609
355.332
247.099
350.608
212.391
214.812
246.079
272.747
315.552
255.453
221.702
212.042
351.758
263.555
265.253
230.751
231.063
224.658
407.097
295.66
306.449
201.072
217.161
425.026
205.229
309.032
280.63
303.956
219.497
216.43
520.481
248.276
265.145
211.367
260.459
230.382
1010.53
282.974
697.1
279.696
343.187
244.479
338.142
310.472
304.77
283.046
374.812
216.023
216.721
431.269
260.964
218.545
210.3
284.493
286.131
278.9
287.52
209.292
309.438
254.185
247.107
229.93
397.29
210.865
217.276
206.845
210.639
216.709
347.366
203.571
207.384
277.373
223.143
221.779
328.991
201.648
291.479
238.728
241.046
323.571
224.23
239.489
414.787
212.514
298.193
350.021
290.215
219.196
291.978
321.978
244.951
261.664
218.847
228.565
259.205
613.319
274.372
303.947
207.8
298.161
547.692
851.425
513.002
233.257
209.54
226
250.817
256.287
224.773
276.139
263.729
217.065
236.989
249.367
224.949
287.348
391.426
369.938
229.499
232.805
727.795
309.393
255.674
459.303
421.391
241.737
202.601
344.526
231.746
341.094
200.504
218.543
225.65
278.068
342.838
318.317
221.642
240.61
287.397
287.845
212.233
313.249
207.634
225.759
265.74
227.02
285.62
251.859
330.55
205.37
252.22
388.444
267.483
244.215
255.625
233.043
263.414
204.091
209.926
326.78
238.678
230.106
250.038
332.923
238.151
819.473
338.173
229.319
346.23
200.701
227.961
355.141
362.25
224.442
294.617
207.673
209.59
213.453
252.115
206.197
223.334
206.138
243.311
240.747
354.994
227.321
221.38
245.316
265.827
327.073
831.73
260.16
212.899
202.554
268.05
715.078
207.099
203.733
208.861
237.046
339.869
269.067
335.552
231.758
300.985
276.438
217.64
382.828
205.801
302.036
236.472
232.325
223.3
308.05
383.256
224.156
214.832
295.169
311.853
326.588
1319.39
382.319
335.377
349.377
374.705
310.376
871.468
243.873
547.861
206.613
353.292
232.951
268.933
230.597
261
225.641
355.661
219.948
268.641
308.697
254.199
455.932
242.87
205.334
442.518
387.336
272.072
358.442
279.809
249.642
226.905
214.581
297.961
234.361
422.484
209.664
203.064
240.732
285.205
260.985
221.362
261.853
204.924
268.926
288.186
379.307
205.283
223.79
227.403
204.022
254.925
243.629
203.467
251.938
288.003
277.935
220.463
630.77
549.302
300.726
354.876
293.92
209.523
254.935
246.763
331.964
205.767
316.348
248.433
203.352
212.488
327.613
244.135
319.944
241.651
288.177
257.676
206.729
220.64
211.189
219.757
265.125
219.397
320.172
211.976
425.712
219.82
230.493
647.248
857.948
306.971
229.214
410.239
214.576
423.62
315.737
257.321
291.172
201.393
219.786
272.2
208.773
219.29
202.193
268.596
205.195
260.16
736.686
206.637
282.057
245.451
248.351
304.219
212.37
253.831
365.312
204.504
235.489
225.036
211.61
232.235
270.204
623.207
201.43
275.342
258.006
216.601
237.636
224.027
233.602
215.606
235.043
228.175
201.169
211.592
212.429
256.583
245.727
215.407
452.148
203.487
297.834
211.861
210.212
301.022
200.636
379.775
534.042
262.578
220.397
222.565
202.921
250.334
254.564
243.343
226.17
220.159
231.497
230.156
490.512
223.618
297.089
232.899
477.203
215.432
225.706
244.704
241.278
248.455
239.844
315.55
204.707
219.082
268.496
204.866
202.837
202.045
212.692
202.351
210.566
230.794
546.896
251.49
348.646
307.309
275.525
312.179
508.596
237.861
223.611
1896.98
238.745
551.639
224.181
503.279
239.328
641.574
327.761
201.561
234.435
277.564
400.377
390.352
223.22
641.929
279.229
238.447
266.214
204.526
200.235
1187.57
298.806
205.134
242.518
224.379
206.744
283.755
216.896
288.503
272.967
225.838
203.236
205.436
281.012
235.281
205.48
306.54
264.998
216.539
260.803
215.007
230.469
244.596
251.925
442.382
236.036
268.304
235.644
291.772
307.99
265.735
226.387
213.11
257.622
239.029
204.766
285.403
604.812
251.736
261.549
297.313
278.453
226.04
273.194
264.259
226.782
305.74
350.742
218.154
303.371
254.876
329.427
201.482
679.08
207.803
241.771
740.152
292.973
358.42
210.281
211.866
326.141
216.825
207.966
236.688
241.071
277.327
201.844
209.134
289.714
239.641
361.429
467.226
303.763
374.832
261.824
317.153
325.759
246.775
353.898
220.47
557.395
343.657
234.683
215.439
217.463
412.608
206.204
240.192
280.699
202.909
294.274
268.706
207.389
204.619
218.495
366.738
241.601
328.41
257.874
284.085
380.735
201.576
251.324
203.524
321.873
222.358
204.125
331.282
265.405
278.262
298.997
300.968
367.468
371.168
226.78
205.616
234.147
223.879
209.969
210.35
309.553
1128.67
212.951
273.629
219.891
258.298
231.091
303.537
238.042
223.971
200.826
222.969
275.63
219.966
226.243
280.071
292.677
224.341
578.086
209.511
259.185
231.761
228.478
236.396
218.785
310.627
207.834
377.881
377.118
213.778
219.768
276.082
232.263
202.297
216.802
402.932
249.938
269.033
217.858
333.606
213.204
229.65
229.186
204.949
668.796
331.448
238.617
253.326
321.859
309.104
207.253
205.215
245.532
288.187
217.483
261.304
248.477
227.919
244.412
442.793
251.468
241.89
509.822
268.03
202.46
274.865
274.102
298.412
299.241
220.32
206.068
309.963
209.203
220.563
342.793
242.627
202.403
271.137
223.484
212.713
202.778
363.058
447.975
229.922
237.964
230.684
673.033
231.538
372.471
228.405
239.37
291.897
234.438
381.704
205.638
246.974
262.616
377.837
226.696
202.485
205.541
347.474
321.209
299.232
227.431
589.903
236.119
318.262
262.892
205.626
236.239
435.347
256.533
249
350.944
268.926
226.57
250.198
211.047
375.984
216.412
244.831
210.673
224.027
212.438
269.692
279.48
335.161
219.03
203.89
213.565
224.889
327.101
222.468
210.599
205.059
229.621
213.223
280.441
264.672
286.55
286.189
249.814
247.639
279.759
281.478
382.773
270.62
307.239
218.687
236.379
298.238
213.094
520.502
247.275
316.547
323.893
545.326
353.452
238.998
203.167
390.035
269.193
324.822
204.934
1042.18
426.769
294.61
202.938
208.698
323.781
282.312
288.595
261.968
493.252
229.423
227.462
491.024
385.942
278.918
204.917
234.759
303.213
210.416
376.839
211.766
213.691
231.177
314.488
203.096
545.078
238.87
601.473
256.982
309.49
305.838
201.07
406.503
232.078
267.412
297.02
835.199
213.195
223.508
216.021
201.099
213.712
217.683
1494.74
201.239
206.15
279.022
241
432.53
225.442
224.321
315.593
207.056
232.409
209.349
241.201
461.869
410.715
216.375
227.414
218.275
204.389
218.737
429.181
224.517
253.387
211.088
213.478
210.293
285.48
204.754
227.532
303.485
315.133
229.46
213.64
274.19
208.911
312.584
485.327
218.181
225.204
379.295
223.177
581.752
208.48
200.895
201.559
227.458
301.262
206.891
483.756
203.354
347.7
276.416
390.059
213.082
210.808
216.786
302.074
246.802
207.666
266.195
215.942
242.33
207.27
300.829
203.45
229.179
216.629
273.068
224.88
292.611
216.021
216.204
230.595
229.547
304.877
207.764
207.251
243.649
208.83
425.934
402.551
217.338
213.703
256.113
216.894
228.755
238.592
464.886
265.439
220.506
283.854
433.053
325.115
227.335
295.953
252.45
293.377
205.823
265.321
637.077
340.94
252.765
249.866
334.027
242.339
291.596
257.789
250.747
227.328
256.782
226.91
221.382
227.493
261.71
318.49
203.519
222.789
218.069
224.118
300.628
205.456
238.065
210.649
268.468
231.927
323.309
202.472
305.622
368.524
277.863
206.662
266.569
204.99
207.75
312.21
374.422
202.074
413.292
294.491
235.083
288.434
202.477
221.271
253.008
233.193
274.088
243.391
248.654
273.638
287.214
220.118
578.3
200.975
353.897
228.563
218.337
248.685
278.424
232.648
210.029
207.485
241.824
224.016
256.457
207.945
207.483
201.216
231.966
227.455
712.965
226.201
224.833
291.186
207.731
272.555
210.86
228.011
274.268
224.087
287.172
222.041
316.591
1063.88
225.635
265.722
229.852
370.161
213.82
419.868
214.807
217.414
307.799
339.181
264.751
327.515
357.613
371.7
248.324
237.314
210.865
250.839
1451.29
211.894
203.917
201.542
274.845
468.253
211.75
339.584
221.923
216.804
351.063
307.259
208.967
359.989
222.353
244.004
212.636
315.677
344.527
200.469
213.04
326.743
289.323
571.874
307.444
356.672
264.528
201.256
236.821
203.821
223.128
273.58
445.477
257.996
200.644
237.314
212.306
387.453
202.47
474.952
411.332
214.397
284.141
245.88
208.605
204.529
237.491
244.802
233.004
212.448
236.962
258.83
203.949
237.525
226.438
299.256
281.06
396.085
275.799
258.337
291.561
203.941
231.186
432.227
283.36
222.162
231.011
308.029
677.103
246.506
224.43
210.217
200.833
200.93
521.354
214.828
216.009
268.89
213.878
229.009
221.28
320.687
308.496
217.159
252.305
229.423
224.459
216.386
261.582
207.909
313.37
230.2
276.78
232.134
341.278
352.098
201.494
240.252
241.002
253.261
299.441
221.79
260.075
205.769
220.622
201.762
200.24
215.697
203.679
234.239
326.642
526.861
296.516
210.186
434.432
430.612
228.779
310.622
254.407
212.365
274.873
435.383
380.145
436.363
244.018
201.293
244.074
281.539
217.637
281.476
504.588
234.7
213.028
271.055
227.079
249.481
239.324
226.969
256.895
243.61
337.053
247.909
240.092
290.184
316.449
204.424
258.905
205.037
223.908
208.543
481.147
270.873
231.004
330.067
221.115
226.705
279.9
453.108
299.585
315.862
276.606
296.68
231.017
393.892
224.669
209.029
278.666
207.495
236.042
229.34
274.459
215.553
265.646
258.874
320.023
261.482
252.658
509.811
254.043
359.466
211.729
548.401
205.985
361.725
202.63
257.614
222.679
211.303
253.049
260.423
260.966
272.841
295.667
296.552
219.622
276.074
254.389
204.656
277.942
215.995
211.279
600.886
230.682
256.184
244.937
235.153
347.166
209.124
204.651
286.451
346.14
310.717
244.264
273.598
224.152
352.874
202.813
450.911
237.259
269.631
258.782
254.069
227.324
230.163
205.037
210.114
224.842
217.463
214.558
339.341
220.805
241.952
203.63
230.985
234.668
317.523
543.105
396.628
338.973
361.256
213.045
725.764
204.888
233.737
208.746
296.896
238.388
249.634
271.183
227.161
202.818
201.239
228.585
280.963
242.332
503.046
457.183
201.127
202.265
242.014
299.321
219.834
359.949
275.389
256.535
321.062
268.172
290.508
562.676
236.347
317.564
500.179
479.172
252.393
595.312
203.738
242.78
384.441
213.312
257.257
267.397
208.391
224.671
206.23
425.033
203.504
260.34
237.746
217.933
215.988
233.536
317.814
775.608
220.045
264.838
375.961
262.507
343.629
455.912
402.339
212.358
273.265
200.816
232.639
532.152
210.742
336.164
255.789
204.152
266.111
481.445
220.511
205.443
239.203
202.158
662.25
209.752
219.303
258.496
225.031
329.178
211.674
354.353
309.304
212.264
262.736
302.055
323.667
223.549
211.473
326.96
285.382
267.511
228.412
254.295
215.167
205.74
306.847
211.159
257.827
234.414
251.016
231.521
223.989
225.078
236.614
206.937
560.634
260.803
314.79
251.324
215.453
308.261
297.368
396.254
312.202
234.111
238.088
229.017
213.614
328.728
242.18
616.198
202.724
278.449
314.018
470.938
281.121
207.403
269.167
260.365
200.793
265.467
201.308
251.352
241.557
212.619
354.188
336.245
297.469
275.828
256.342
225.468
448.033
223.204
248.656
358.209
208.801
212.219
234.096
284.902
283.106
265.281
241.706
205.672
207.586
214.916
407.222
280.737
228.88
231.838
218.05
208.708
223.385
683.348
248.491
235.612
203.681
230.096
325.137
218.628
436.962
225.331
250.494
218.95
272.923
290.348
214.098
222.738
204.592
262.637
230.05
221.24
240.404
349.113
215.051
309.868
215.149
271.089
205.31
200.726
204.455
237.91
210.155
303.775
243.6
214.555
291.227
673.359
269.95
513.908
307.739
261.637
201.348
333.267
475.818
251.77
231.279
200.322
204.1
373.833
211.87
244.493
302.39
273.432
239.445
289.769
286.274
201.946
337.976
997.643
279.073
250.805
200.018
411.082
409.093
330.042
315.211
454.559
314.312
222.928
221.136
221.011
203.684
201.504
271.293
236.869
302.356
250.655
257.117
241.243
340.351
363.99
230.996
248.252
312.861
213.092
363.688
336.512
232.265
288.503
245.349
269.854
201.142
261.727
212.118
234.923
217.637
217.594
352.212
218.746
283.307
282.966
232.239
201.611
290.407
358.434
286.14
254.859
228.659
503.526
204.348
414.117
310.656
247.15
611.137
222.654
216.296
769.389
220.257
223.803
202.919
241.377
236.282
255.881
216.511
224.123
249.09
230.204
295.745
264.972
373.834
211.419
261.843
286.328
209.335
406.678
303.196
200.212
277.903
374.981
200.459
389.714
306.808
540.082
355.795
255.306
391.479
308.156
221.576
248.888
227.756
355.601
314.453
227.009
229.316
263.784
228.421
255.969
238.552
305.743
212.179
244.863
250.11
293.377
298.859
343.066
375.544
279.773
308.874
402.153
241.634
360.982
341.785
224.637
355.697
207.258
276.505
331.442
599.602
240.025
208.029
243.625
257.395
220.366
302.916
323.18
227.912
316.152
270.413
240.792
209.597
201.196
450.857
235.879
209.6
270.07
223.22
221.944
208.451
257.323
337.723
367.426
203.745
275.712
205.397
334.561
351.132
257.624
348.105
953.164
533.427
597.685
216.571
411.835
415.287
201.08
285.519
201.68
253.907
283.141
291.518
224.404
302.498
288.572
339.052
224.673
322.475
491.557
267.565
256.981
203.202
205.482
228.856
217.775
340.298
353.758
760.209
261.293
212.746
216.52
316.653
244.587
207.841
225.357
285.881
243.98
316.534
254.195
248.757
280.541
266.548
345.178
208.967
279.378
269.889
210.045
493.896
276.042
271.07
226.197
434.167
396.418
210.575
240.867
314.757
525.137
244.463
249.954
294.707
448.524
257.006
239.468
418.429
205.794
286.15
353.316
308.827
201.318
204.132
581.205
241.479
229.499
300.656
292.407
210.238
202.448
334.444
297.906
307
245.035
230.534
238.583
244.888
364.512
276.633
344.977
251.249
425.079
241.338
263.382
227.559
252.446
246.731
200.09
249.652
277.698
326.279
286.306
396.65
417.032
358.589
200.112
283.219
347.098
265.443
302.328
315.135
214.6
232.172
436.305
205.718
318.522
217.872
207.952
225.278
230.866
216.428
214.725
383.562
220.386
216.324
261.87
212.276
269.054
293.588
316.501
232.813
373.363
205.638
207.43
212.257
383.352
234.555
609.633
295.988
375.245
211.618
250.689
207.449
233.002
253.521
212.457
234.171
298.941
204.098
237.79
350.906
276.991
276.729
263.463
311.48
675.399
206.7
461.759
231.778
207.528
243.008
212.542
218.538
201.119
333.495
218.97
286.486
238.273
216.536
279.059
260.615
276.425
367.086
258.536
221.752
311.068
263.78
246.599
229.308
225.675
321.073
247.281
462.93
265.036
246.433
295.621
272.138
289.665
217.672
294.964
326.82
235.478
213.195
235.472
387.941
211.135
299.636
261.88
249.465
211.45
254.344
256.893
277.143
201.224
207.966
218.852
328.839
263.042
338.929
250.362
231.227
208.756
250.956
241.779
245.451
289.055
219.374
253.97
213.635
260.227
254.169
338.886
280.847
203.153
259.95
203.217
330.22
468.873
255.529
214.023
702.288
277.617
245.157
209.583
254.305
225.657
220.506
226.674
204.79
582.268
523.417
259.28
285.153
444.274
244.055
749.969
224.205
204.416
455.358
216.816
289.817
238.797
205.339
236.459
224.417
400.115
355.911
221.944
289.809
207.225
213.136
213.328
248.978
221.847
223.28
208.014
276.668
351.611
202.628
207.41
223.812
355.227
545.006
281.721
215.743
238.987
240.443
223.455
233.013
216.049
211.485
354.22
231.707
228.3
284.661
221.939
274.913
212.73
267.051
294.162
264.698
306.1
217.69
256.887
296.88
343.855
285.587
346.899
223.307
278.889
215.479
221.269
201.876
208.279
315.671
362.755
275.176
299.738
219.893
202.139
405.715
275.487
334.646
969.731
347.832
346.438
358.187
227.958
215.314
275.908
245.721
277.274
233.099
202.717
250.154
252.315
265.27
218.339
217.276
249.201
237.626
238.782
205.436
215.94
420.638
266.31
241.483
213.818
205.735
206.758
236.04
254.352
226.301
344.449
226.002
276.304
201.499
231.769
218.442
270.048
216.116
314.224
503.87
254.941
250.418
234.495
416.432
231.353
231.366
247.063
200.027
219.829
318.865
280.298
771.005
287.228
204.465
237.401
266.24
340.483
265.564
225.969
569.41
204.34
329.544
200.781
224.303
261.473
270.935
216.488
337.249
212.878
316.855
229.367
218.906
281.745
207.56
543.357
381.354
222.803
232.366
213.106
334.713
219.543
291.505
222.601
270.863
243.119
262.494
239.499
206.49
210.931
557.845
210.867
220.751
202.069
275.784
267.825
474.44
504.624
235.627
241.655
244
376.914
253.797
232.439
353.144
391.807
318.442
261.534
505.677
209.578
224.45
232.478
229.75
210.537
287.625
269.067
258.138
245.29
428.377
518.847
227.842
389.803
219.37
230.196
234.623
210.777
293.484
222.713
211.476
242.605
280.503
321.308
306.573
204.756
337.098
347.967
436.943
418.024
221.226
330.858
386.57
838.837
296.275
256.443
235.85
259.351
318.075
261.197
220.694
282.204
208.567
249.934
216.201
221.808
206.882
293.84
239.679
262.515
299.593
201.482
208.317
436.512
443.271
352.933
260.096
242.283
213.736
209.136
280.728
300.806
204.446
324.629
265.816
260.188
467.261
255.049
221.567
243.971
291.551
278.334
321.638
224.257
223.096
317.737
249.966
342.048
302.481
261.731
214.632
294.686
202.408
209.619
372.471
217.984
299.199
304.072
218.399
224.7
248.304
253.33
257.132
369.131
255.527
266.513
445.533
220.866
222.414
418.094
205.546
398.704
459.298
203.521
207.832
246.605
532.489
321.767
345.848
242.842
237.181
213.539
248.107
857.349
240.749
400.074
309.772
253.371
348.589
269.327
260.739
268.978
292.246
283.794
200.037
232.65
252.729
464.849
245.304
249.325
381.511
222.706
345.256
254.378
250.689
355.024
205.319
549.182
293.002
218.101
354.312
228.736
262.85
227.862
310.727
436.597
255.814
257.884
261.019
417.835
308.809
241.599
292.294
324.552
815.701
267.656
212.441
267.458
220.907
203.133
248.312
291.978
280.731
614.444
210.169
269.607
228.193
213.626
248.115
292.137
213.822
362.133
205.015
222.367
356.101
373.157
257.533
237.036
379.506
213.417
210.518
206.107
207.757
207.589
289.252
229.97
365.74
298.878
350.097
389.568
428.878
508.086
231.774
266.593
285.123
349.823
212.365
221.504
254.352
250.791
245.809
227.807
1072.22
284.204
267.873
222.439
736.935
210.385
235.162
224.956
301.65
210.492
291.578
210.364
220.193
282.129
203.526
313.758
259.056
286.948
391.654
320.32
242.122
289.506
236.102
232.682
223.32
283.373
290.746
265.885
203.278
248.006
277.009
398.01
248.28
251.613
267.133
206.778
250.11
210.775
252.664
201.955
201.532
269.679
244.291
219.356
234.538
212.443
444.969
212.191
204.714
236.146
310.264
250.876
293.304
218.241
204.416
224.775
245.552
343.169
342.155
200.739
207.557
282.929
331.323
255.204
247.883
373.347
262.827
354.178
265.46
210.44
223.159
331.079
217.341
209.184
240.358
229.349
378.468
229.133
307.49
287.094
226.552
336.418
343.223
272.848
386.262
231.119
242.734
359.965
250.595
318.299
252.073
315.943
278.507
204.338
248.475
712.712
769.98
335.97
356.305
250.587
221.63
271.708
214.271
231.676
227.89
355.771
293.268
237.481
224.058
272.698
240.516
221.138
229.114
258.944
328.213
224.123
220.599
426.597
215.114
214.513
224.927
205.183
681.548
217.099
218.746
214.635
311.891
305.608
205.482
384.778
265.187
201.874
312.216
280.3
223.096
250.936
204.956
426.918
200.821
224.013
200.132
319.522
245.766
244.875
217.302
204.851
216.123
327.791
231.182
260.112
224.004
476.588
243.121
468.308
291.325
206.211
251.68
265.981
470.919
226.261
231.681
246.514
531.057
236.829
211.298
242.138
600.907
213.176
206.502
215.067
253.484
226.689
313.425
220.234
300.055
202.45
283.196
231.03
345.497
229.493
233.889
217.313
231.108
252.351
221.326
208.818
220.622
379.315
220.014
337.8
292.67
302.159
221.362
312.986
210.404
223.524
273.841
207.109
423.362
398.823
236.466
204.966
282.172
349.085
281.988
358.14
270.66
223.537
286.231
477.448
356.901
254.833
206.541
232.282
300.754
219.221
460.002
230.885
213.864
315.469
268.714
212.141
432.132
219.128
203.546
230.28
207.362
240.869
221.301
330.148
215.504
274.687
285.899
479.495
204.066
263.666
246.881
220.25
265.394
391.382
254.378
305.936
355.727
235.196
203.963
249.894
286.475
216.49
322.785
204.858
208.418
208.19
208.324
251.088
286.372
273.128
694.092
207.331
236.723
826.007
279.896
254.096
291.608
241.609
217.984
474.161
408.07
234.721
221.829
209.487
207.466
226.969
362.603
275.196
204.902
230.755
227.037
226.837
245.852
311.161
217.147
397.932
521.622
301.206
263.266
388.233
341.712
327.287
202.845
274.541
214.702
261.822
230.478
221.757
202.953
302.552
386.25
208.082
200.833
234.203
201.574
257.344
300.34
489.14
425.985
200.801
259.411
275.9
229.334
212.009
243.824
230.931
228.169
205.672
293.6
218.461
266.873
227.497
209.85
433.712
235.508
306.003
242.027
271.792
307.877
221.723
221.896
605.298
863.181
514.353
225.593
270.531
327.017
222.259
201.666
740.491
236.428
204.727
251.738
211.636
370.266
213.855
273.874
293.258
209.385
323.779
282.351
297.82
461.557
232.043
256.85
625.05
206.686
264.636
338.352
220.774
216.31
201.958
200.706
347.631
306.152
219.509
217.481
234.359
237.8
214.986
222.194
209.542
208.598
327.837
207.014
252.032
242.565
273.598
445.943
260.478
224.893
263.304
282.051
409.092
234.717
219.634
220.876
220.814
302.356
221.642
201.844
221.084
229.841
340.704
281.73
403.127
206.066
274.922
212.662
212.163
202.255
235.351
262.479
220.143
217.014
722.198
300.391
332.375
217.023
227.427
330.76
347.385
652.349
217.522
233.253
211.258
249.1
209.232
393.598
231.851
229.419
478.18
365.196
217.78
205.597
277.325
239.031
256.698
217.283
201.119
207.781
204.46
483.632
412.858
622.324
208.223
243.473
209.874
248.441
540.704
374.237
286.868
932.928
246.234
240.429
328.058
234.593
230.515
367.298
211.137
260.505
258.799
260.44
252.313
292.493
376.642
409.7
307.454
243.035
966.007
261.086
373.076
1074.09
224.286
417.019
224.733
305.632
335.206
341.05
363.904
227.682
209.239
304.659
230.649
245.66
256.513
262.469
215.613
201.129
220.658
310.252
206.056
311.695
330.047
377.972
277.77
218.483
208.118
268.05
263
230.135
296.811
287.858
241.76
405.687
226.828
301.246
225.082
216.449
294.245
446.364
215.174
250.657
282
217.38
213.949
222.128
415.906
305.933
324.572
301.695
215.012
682.925
202.973
317.091
225.53
238.065
342.7
265.498
229.452
301.096
204.756
554.172
218.309
239.781
314.643
230.196
243.36
241.663
346.474
219.272
272.395
390.61
208.25
382.119
257.204
361.702
335.611
395.691
556.384
371.708
352.213
213.157
269.164
229.295
469.461
304.501
215.462
392.92
289.251
322.954
222.652
243.329
210.081
221.371
300.742
458.83
202.368
231.789
224.711
233.714
379.731
231.955
219.661
206.056
276.045
223.043
228.037
237.805
208.18
306.305
252.662
210.407
271.597
208.689
272.705
249.726
200.846
459.068
209.809
202.813
257.455
202.64
308.107
340.366
248.355
279.108
201.378
328.148
259.977
300.867
229.234
246.173
290.568
217.058
200.4
338.056
374.833
297.451
227.315
260.594
200.265
220.229
325.032
219.472
238.964
201.881
210.874
258.352
282.721
201.182
427.589
242.543
282.76
588.23
319.669
213.857
223.537
230.731
221.986
230.18
273.543
231.11
389.471
1185.7
201.368
303.162
311.402
288.137
468.835
462.17
362.319
454.109
304.171
213.771
259.657
267.671
211.27
230.057
222.414
237.826
301.829
418.961
207.591
230.348
201.249
399.533
246.118
310.243
412.559
432.724
219.625
207.089
254.865
221.407
365.259
266.58
213.624
259
337.381
335.509
216.462
341.034
221.536
213.387
269.831
337.154
271.689
247.637
259.863
228.906
219.829
320.128
436.362
244.09
242.578
240.797
692.186
215.882
220.846
206.32
242.839
265.023
295.469
343.376
208.132
219.9
318.443
326.663
208.923
217.025
363.673
216.876
256.006
355.389
267.292
208.339
261.457
219.205
233.874
337.343
260.734
213.635
390.577
338.163
250.29
239.497
337.188
328.184
353.261
337.001
253.247
266.813
514.784
391.211
302.144
237.849
255.094
224.359
256.1
214.534
232.469
617.154
256.265
270.921
317.06
298.185
249.804
231.998
277.328
359.896
256.189
220.708
447.773
201.698
314.73
310.05
299.189
258.366
218.676
244.565
306.131
201.569
200.636
265.836
712.677
215.678
362.975
247.022
229.454
223.446
211.788
211.868
234.209
250.743
209.979
262.261
301.642
211.696
233.731
444.298
340.563
326.96
251.726
254.11
263.97
575.918
410.534
237.636
286.613
247.259
747.522
342.051
206.606
287.727
303.023
278.464
206.099
241.164
279.966
227.07
235.249
208.197
376.25
368.829
210.749
222.917
202.702
204.695
258.747
766.934
264.409
319.595
458.981
251.649
225.827
241.4
257.165
388.063
242.107
331.601
201.547
228.998
207.258
288.085
854.327
207.918
204.367
241.381
335.473
294.297
208.799
382.553
278.275
203.593
284.784
463.316
211.057
283.861
258.606
202.793
214.853
207.116
291.22
233.957
200.836
207.702
244.495
307.768
338.476
327.756
237.15
257.29
321.565
250.296
356.43
227.809
367.387
414.649
246.524
287.012
200.345
321.495
231.942
203.792
201.529
336.938
225.978
258.38
293.52
211.658
299.421
224.181
230.237
515.761
220.964
207.646
259.498
207.053
261.838
325.88
246.727
242.112
225.131
225.302
508.421
231.955
203.72
228.453
400.521
262.45
230.417
305.779
297.752
312.6
203.642
350.346
357.537
412.534
259.125
232.228
205.395
236.516
229.613
369.256
282.487
252.99
279.621
360.314
234.036
202.687
266.818
221.048
259.239
262.648
208.048
389.702
213.797
211.152
379.31
231.683
208.638
413.705
205.614
218.055
313.509
259.985
215.634
288.028
215.655
221.612
206.964
218.669
202.203
428.644
251.167
365.105
234.627
232.607
203.659
239.537
655.497
231.793
228.58
325.751
255.992
268.894
340.732
211.714
215.135
269.754
508.022
220.626
210.057
240.481
317.495
200.918
248.52
214.224
236.787
278.568
346.283
329.22
221.242
249.479
464.999
239.355
254.448
201.102
299.655
207.569
231.925
290.532
222.119
242.258
204.321
203.103
205.548
299.808
215.629
264.857
202.569
307.259
224.252
225.302
816.526
273.843
1196.63
367.621
254.929
222.533
222.524
247.457
256.431
240.179
228.178
216.224
235.731
204.514
224.795
264.743
372.721
249.712
215.748
309.567
246.53
528.199
214.016
277.681
409.081
268.08
247.269
214.681
224.076
322.74
1311.06
308.417
224.114
205.645
376.047
225.69
293.027
291.618
248.491
428.189
281.61
201.651
263.532
650.56
234.307
260.887
224.408
563.39
353
448.453
276.201
435.06
214.499
285.844
237.674
299.439
247.38
280.806
277.534
246.516
247.603
359.159
208.041
355.609
249.634
231.301
250.731
200.435
236.73
346.348
350.43
258.954
521.844
259.673
230.686
205.492
292.361
219.338
203.826
351.787
200.372
293.196
205.849
229.41
205.886
273.697
282.777
265.639
293.397
275.283
213.483
261.444
224.553
245.662
243.335
247.382
208.017
202.591
228.149
281.016
488.733
256.893
277.265
208.624
358.468
354.535
362.29
246.171
231.853
245.915
277.427
336.464
220.631
437.855
223.235
249.76
312.413
251.879
207.031
677.218
232.669
402.407
332.188
308.308
250.93
335.918
484.889
282.294
203.593
210.228
353.379
200.357
415.974
321.325
208.005
250.182
207.434
228.298
206.855
227.086
212.502
219.048
201.747
235.355
269.191
230.376
797.83
259.91
550.884
386.906
219.579
228.276
204.719
219.793
323.915
315.254
404
338.554
317.89
302.197
202.106
313.487
265.842
218.238
247.701
246.962
219.272
309.96
241.721
235.449
330.905
305.804
510.642
243.181
304.934
327.507
345.028
207.396
225.852
289.147
209.053
246.422
216.643
238.541
245.381
370.469
259.224
492.596
214.905
277.915
466.375
270.094
212.934
252.82
263.913
460.242
216.13
221.779
208.058
234.521
296.155
226.78
283.039
261.565
216.192
233.882
337.245
202.448
238.181
262.496
208.334
202.455
207.06
204.768
731.63
299.308
452.776
326.689
210.364
235.909
276.237
315.381
260.271
203.983
612.133
274.634
204.299
209.855
303.371
207.355
316.291
204.937
215.272
237.685
337.707
266.689
256.162
317.043
209.812
244.176
214.527
276.092
323.428
1793.17
243.448
201.179
233.369
239.935
328.795
205.971
311.535
225.149
363.526
218.925
309.934
287.632
458.657
253.261
243.614
259.835
812.278
222.326
284.427
390.245
277.092
350.441
361.154
235.735
248.548
245.707
209.096
234.696
213.476
202.124
297.261
243.158
209.423
241.613
271.682
203.598
249.459
260.033
219.162
268.946
210.25
257.152
243.158
381.39
308.522
732.299
225.657
245.504
245.139
345.294
396.753
217.688
218.628
287.362
298.013
362.961
217.458
248.262
377.437
316.909
245.084
365.846
277.734
214.103
317.758
204.348
236.797
244.986
381.959
204.885
226.268
345.491
262.663
205.636
262.156
857.877
202.119
237.167
270.254
301.781
296.051
200.557
275.167
223.989
230.048
216.929
464.475
210.359
241.932
299.473
248.308
265.541
346.449
332.785
247.221
210.628
403.424
202.354
212.422
269.167
218.089
302.83
830.237
207.735
234.568
255.349
202.544
380.921
240.487
572.673
304.943
311.941
204.463
256.176
218.799
281.436
319.155
224.214
244.444
200.312
240.439
311.581
218.756
248.347
226.896
231.933
373.027
253.042
247.931
218.27
258.768
227.662
490.68
210.447
331.397
1073.87
251.283
439.538
309.257
214.795
219.702
225.111
354.229
237.156
269.448
252.448
1145.79
209.191
204.788
293.752
244.683
240.977
239.658
238.745
234.906
355.26
210.324
471.149
279.387
545.882
225.9
202.373
209.323
205.215
226.316
203.61
391.742
260.933
232.043
222.63
263.771
205.723
562.159
328.554
330.861
208.545
202.837
257.229
318.451
239.654
220.928
221.133
213.874
909.672
285.515
236.453
230.324
229.839
230.23
285.678
270.278
208.82
223.833
245.218
253.992
250.613
216.896
262.41
248.626
289.974
343.163
441.046
457.767
233.227
250.938
238.346
583.764
207.644
245.3
448.564
262.46
437.487
601.185
515.757
511.002
366.285
279.625
760.312
279.424
208.022
436
207.215
243.123
204.844
229.924
316.964
208.916
234.898
306.571
227.974
233.064
286.26
446.996
587.725
559.912
226.634
227.194
288.586
200.846
294.372
288.565
325.401
224.631
273.596
290.506
270.817
282.294
205.961
203.244
225.719
634.553
215.351
222.461
233.521
270.501
255.227
331.858
382.604
221.944
248.918
391.144
218.442
232.547
322.624
371.516
201.345
230.883
297.604
489.353
211.672
207.333
203.875
204.093
278.973
200.771
287.71
211.976
217.005
248.998
342.127
200.282
297.815
284.519
240.72
264.038
244.285
283.708
202.832
229.09
271.57
477.568
276.657
295.99
240.745
203.305
281.839
275.967
215.622
207.466
260.423
340.585
225.342
211.27
423.634
258.068
312.623
280.168
226.658
230.421
354.941
233.728
210.535
219.829
341.281
204.644
299.691
240.09
236.432
303.392
217.373
243.969
231.901
378.575
319.902
205.107
242.299
256.297
215.102
247.269
222.65
205.818
371.232
259.052
305.378
209.468
238.405
225.508
221.276
727.888
224.851
266.665
1169.8
730.702
229.954
660.654
228.362
206.16
203.071
319.805
294.734
216.511
229.275
225.88
258.091
280.995
205.158
302.134
378.694
214.397
306.488
244.098
265.287
483.887
222.948
228.821
214.604
211.128
205.434
422.378
289.37
208.435
220.898
201.378
235.493
224.528
249.71
665.298
352.403
302.954
416.476
465.198
208.715
830.384
226.442
289.453
457.548
280.525
223.452
554.965
207.135
231.1
605.608
211.23
215.06
321.647
237.521
362.42
264.945
264.433
222.101
355.847
221.244
313.297
285.109
259.517
268.948
206.463
213.675
217.741
272.666
235.722
252.951
462.207
216.252
325.794
2111.9
743.342
287.482
396.382
283.164
258.079
254.714
233.461
229.412
356.746
243.16
289.463
212.509
364.937
215.513
266.843
495.962
343.238
293.961
286.622
201.728
478.058
301.435
370.817
300.975
210.359
278.525
258.151
250.787
208.713
216.566
308.094
218.101
209.569
271.571
205.18
440.318
386.919
439.603
203.58
264.1
502.553
208.931
252.513
364.863
559.3
228.672
625.397
281.585
507.48
330.743
234.378
209.16
268.743
200.23
232.581
266.222
383.547
252.218
323.727
219.488
449.347
206.565
295.966
390.346
323.529
396.948
244.875
200.232
333.21
306.475
564.098
290.978
228.329
336.29
221.122
202.364
476.001
537.598
241.064
248.946
218.737
319.357
214.25
372.655
258.699
501.707
260.096
419.167
243.062
216.652
348.963
245.512
281.379
244.645
327.947
239.079
203.332
244.829
237.413
246.672
246.465
497.487
287.854
295.437
417.846
204.083
268.944
207.126
428.983
265.936
208.276
502.908
252.695
206.7
292.06
236.413
547.541
219.49
222.758
228.383
263.165
213.396
1147.49
206.833
283.044
218.406
390.94
247.356
202.551
233.011
318.251
206.751
288.586
269
460.819
240.749
351.67
398.212
410.01
721.028
232.991
318.525
292.681
263.541
473.034
251.187
265.81
255.02
300.804
269.9
208.703
207.504
256.749
279.614
229.401
252.153
202.578
213.687
214.986
428.633
224.869
254.031
630.409
252.087
213.818
242.992
213.134
263.374
263.314
270.381
225.998
434.351
317.456
205.161
229.661
220.556
306.384
522.571
207.598
283.037
205.781
244.504
209.351
227.745
225.024
206.235
225.969
219.103
269.996
419.569
330.55
267.825
233.908
333.96
363.428
246.171
301.647
201.291
273.079
354.732
216.587
214.476
288.432
249.161
280.07
689.046
302.789
229.356
616.049
484.48
257.406
1187.62
295.513
266.423
304.785
309.27
283.85
232.42
223.835
297.414
248
350.575
254.448
221.005
233.763
201.675
297.851
389.412
212.057
275.285
300.518
273.542
241.47
223.812
235.493
339.701
209.416
208.916
345.355
247.512
330.336
373.362
335.116
215.926
208.602
244.875
363.999
240.543
356.633
265.313
212.078
313.896
476.637
236.244
284.724
413.315
451.9
211.085
210.635
280.954
274.456
212.558
244.528
236.104
247.792
310.5
214.998
223.244
216.146
230.961
302.175
241.524
262.002
220.007
471.128
284.445
341.533
255.99
206.138
238.397
371.334
280.389
357.125
248.413
213.984
223.678
694.557
248.813
376.983
201.854
214.329
229.645
240.304
207.034
285.028
208.36
877.028
266.715
222.401
204.871
281.5
354.366
223.884
240.048
226.088
387.527
240.264
219.144
204.648
337.209
244.945
260.083
349.252
267.759
296.891
216.111
762.864
267.27
286.566
386.831
232.426
239.107
860.021
1389.88
224.573
233.034
221.102
243.971
281.773
361.109
510.59
208.622
383.385
293.07
226.742
252.798
291.275
242.066
212.932
305.089
205.767
381.194
214.506
261.618
254.509
259.758
209.743
254.533
323.992
245.974
240.096
341.665
223.356
276.653
257.886
218.481
235.064
686.901
278.593
301.727
321.773
243.319
212.826
233.358
244.641
208.226
234.124
207.668
202.324
209.752
204.702
285.795
228.346
202.724
237.426
286.25
392.291
529.5
832.521
301.342
225.298
250.25
219.77
279.848
426.345
206.25
257.033
206.022
206.87
229.489
227.958
221.488
485.589
234.474
211.126
215.706
941.561
212.118
292.971
380.565
239.562
201.05
212.474
218.742
538.551
216.035
297.027
280.587
202.662
266.745
319.487
231.538
227.774
226.87
215.931
411.766
258.556
213.34
228.081
228.554
328.723
264.653
222.437
243.873
243.117
212.445
208.255
309.239
308.542
328.34
276.009
214.537
259.496
260.939
294.958
329.296
262.787
781.023
244.031
204.455
219.29
256.78
736.2
201.983
204.578
324.609
243.021
289.465
215.063
289.627
308.457
270.093
297.296
376.367
329.575
471.553
208.055
313.971
297.254
320.637
231.642
205.582
315.908
428.651
278.455
307.955
229.21
229.218
309.129
220.048
217.908
285.687
318.58
343.569
252.812
201.132
200.656
238.246
703.758
202.783
272.666
357.624
209.518
200.21
214.28
365.955
225.187
201.338
259.378
207.08
226.256
368.751
264.439
204.834
630.539
231.486
266.101
264.271
217.826
370.417
254.578
447.974
611.065
284.257
277.845
232.725
245.367
268.699
207.634
239.84
240.235
331.255
235.718
278.957
225.142
233.245
217.182
284.932
231.435
314.458
200.242
202.213
294.314
360.233
228.736
571.598
241.833
218.206
226.788
242.213
296.731
384.057
203.209
390.767
385.732
221.405
613.413
392.944
222.877
558.719
302.242
406.304
201.104
200.467
212.283
201.239
244.822
205.526
215.527
217.614
221.813
218.888
458.441
231.255
214.921
238.386
365.641
215.13
388.477
217.309
260.837
315.238
202.598
249.181
243.347
301.624
369.267
240.294
236.263
229.539
233.234
345.39
269.184
285.694
201.437
210.383
240.836
437.261
271.676
638.194
216.217
359.771
205.202
256.462
246.986
292.176
287.852
208.101
262.964
277.703
270.989
384.302
1022.78
245.481
637.377
200.676
292.482
277.453
281.436
228.521
205.2
284.521
384.982
217.481
262.473
321.179
295.156
206.903
276.953
276.818
202.116
234.107
213.352
218.52
201.512
404.809
200.587
201.36
326.542
297.454
223.79
213.815
216.326
247.158
320.389
405.073
204.998
202.559
238.493
296.781
210.217
314.328
235.149
323.122
450.554
338.081
262.599
227.033
205.784
247.911
320.294
203.787
214.586
276.043
232.669
242.301
240.104
225.564
258.799
356.317
242.186
435.423
284.796
261.415
224.178
252.365
273.96
347.685
283.896
234.536
215.107
232.006
692.15
256.012
210.233
241.669
215.924
257.924
264.734
300.033
236.002
212.953
420.611
387.445
1041.56
216.137
350.521
302.04
204.282
243.329
200.651
201.465
301.8
219.677
223.757
212.803
337.922
246.629
223.732
336.66
355.041
205.144
246.982
257.938
241.907
311.942
265.021
228.309
216.864
603.93
375.823
210.602
404.699
200.037
335.675
217.674
220.241
228.004
251.096
204.941
239.89
216.109
257.068
201.109
334.93
308.976
241.584
249.413
270.374
286.404
340.382
527.362
200.978
209.487
361.115
202.356
214.704
267.759
223.271
228.83
220.429
379.286
210.214
233.159
216.767
244.158
427.985
247.919
334.302
205.166
216.13
258.223
220.674
281.762
209.907
201.948
278.762
555.222
227.24
205.636
242.975
220.842
227.631
220.878
200.018
235.279
333.086
316.378
203.081
384.996
215.578
312.059
570.111
221.02
266.681
224.303
237.619
339.318
266.599
247.459
328.474
203.573
201.122
222.962
341.167
235.283
322.493
275.418
208.077
205.932
211.308
222.434
335.425
341.202
503.701
260.45
427.297
208.403
227.669
227.455
216.836
273.245
207.432
212.257
232.248
555.197
252.711
275.614
223.191
207.846
238.621
279.766
318.556
227.53
206.739
200.803
272.566
260.617
205.168
304.003
203.728
265.987
319.751
290.66
275.744
229.743
496.252
401.828
217.157
207.42
248.171
202.771
360.613
342.793
361.22
253.62
228.219
289.064
271.033
238.564
573.801
220.125
203.185
233.227
294.376
236.402
200.152
251.313
263.355
372.224
406.743
213.691
232.345
229.028
602.789
285.706
357.806
211.343
310.234
206.274
351.252
253.119
212.134
292.045
205.672
254.279
200.539
252.832
416.256
201.504
398.788
229.238
222.686
611.041
233.011
356.505
204.873
325.54
207.743
242.39
381.017
312.251
238.709
211.981
261.117
214.121
269.446
286.21
264.747
235.04
206.364
211.336
295.286
257.831
286.773
236.861
347.835
492.792
216.432
323.21
252.96
203.782
364.677
242.464
241.11
253.271
398.791
246.305
215.722
363.222
344.346
281.121
352.88
222.032
200.863
204.905
222.598
219.577
334.839
209.476
225.708
286.768
201.673
230.679
827.888
231.05
217.715
244.254
250.21
316.032
226.23
206.405
226.616
219.29
305.151
212.243
258.818
338.528
388.805
268.602
208.837
210.305
252.472
321.486
208.794
346.722
505.702
201.953
299.712
278.205
240.158
211.658
217.044
290.047
225.781
224.156
223.944
290.379
294.632
205.857
264.35
223.98
269.191
253.854
309.538
210.618
229.21
321.336
457.05
426.237
217.297
674.191
211.381
256.468
204.171
319.152
321.072
271.076
239.207
303.115
569.581
283.803
254.317
260.981
211.355
243.536
267.668
258.561
203.926
211.033
219.107
212.786
326.425
227.846
390.632
232.665
213.766
246.386
221.608
346.234
266.4
208.06
266.248
394.619
674.007
218.236
246.937
262.059
215.228
207
308.751
354.831
258.635
201.194
207.605
221.955
211.53
812.252
325.618
256.99
253.529
329.358
285.577
416.282
314.906
238.862
214.418
300.623
210.29
415.981
216.859
325.547
281.116
327.787
206.032
280.214
346.387
451.793
213.893
205.224
248.016
209.59
205.051
239.301
399.596
204.277
200.644
218.433
205.905
260.937
281.148
209.619
281.146
275.821
244.064
263.181
244.123
204.211
202.069
223.508
232.719
393.16
251.038
247.394
388.034
256.743
267.404
231.009
222.805
641.12
283.967
269.273
221.748
266.818
222.782
201.117
200.105
218.673
204.648
449.593
234.7
272.011
325.401
217.085
213.902
352
295.434
205.811
308.875
277.942
414.337
724.6
237.411
271.816
253.671
204.208
218.596
400.753
205.932
264.068
300.721
223.358
497.237
810.712
226.446
261.186
246.621
306.292
215.792
374.413
206.371
248.328
262.412
274.569
238.355
205.258
477.09
204.424
312.498
581.053
201.216
214.663
221.224
211.402
214.509
207.959
277.309
204.99
289.116
237.607
214.795
240.01
222.47
276.056
774.817
271.498
225.375
292.949
571.942
253.904
334.903
355.951
221.531
275.862
212.629
211.993
311.014
213.691
206.734
264.484
215.007
464.014
251.893
213.244
205.733
339.257
238.313
288.924
230.71
259.729
232.891
223.441
227.458
231.275
203.497
203.202
201.338
216.338
288.024
253.63
217.908
313.302
536.578
337.528
286.468
434.314
273.81
248.139
375.549
244.694
331.442
346.974
262.772
219.31
221.185
265.929
242.932
329.991
306.389
293.43
229.236
233.838
298.891
226.495
236.157
241.33
237.792
337.529
241.524
201.723
361.029
210.687
260.789
264.624
233.077
441.676
227.431
260.814
242.194
215.849
301.523
419.82
242.221
291
220.375
230.02
321.048
309.916
203.88
430.863
248.717
457.831
276.199
271.722
239.756
428.939
216.261
206.386
243.936
480.117
309.747
247.089
247.119
200.918
207.287
204.78
207.198
308.89
258.969
367.623
471.822
202.393
220.273
224.978
212.953
218.536
221.574
377.42
269.223
233.529
251.996
229.428
234.231
229.957
228.21
236.37
206.666
236.387
401.846
253.361
295.774
362.09
215.023
230.354
362.632
412.933
223.884
267.685
203.922
254.623
308.261
343.785
644.549
234.135
379.386
239.378
241.441
285.991
249.249
251.319
200.898
203.111
269.284
304.613
268.319
329.357
334.975
224.942
200.557
242.792
268.468
220.107
214.816
228.331
545.002
297.735
313.287
239.581
219.581
210.585
392.958
213.502
208.665
287.138
572.024
248.542
279.476
236.237
268.79
292.867
210.957
208.983
279.877
303.867
262.559
340.176
288.602
216.423
455.653
222.589
268.082
604.882
575.384
202.252
240.246
214.583
287.663
343.019
232.435
205.288
330.537
344.062
230.597
202.931
246.639
532.989
206.56
205.161
472.505
209.573
273.271
219.219
436.016
250.589
405.734
262.846
335.419
250.102
389.74
385.719
259.921
405.59
712.147
243.768
320.992
217.761
282.384
249.363
273.229
219.832
203.649
223.781
276.244
232.547
358.562
216.82
497.198
210.071
244.023
204.198
207.976
409.585
281.414
293.343
286.129
284.788
359.819
278.541
295.251
267.352
211.559
242.076
1607.13
219.611
274.394
240.826
209.447
289.425
599.853
212.368
362.653
346.363
256.152
204.252
207.374
252.541
225.896
272.415
203.453
288.047
219.075
270.983
212.577
214.646
1181.73
210.3
222.773
267.664
330.849
263.682
308.89
273.554
271.179
739.876
272.551
345.039
224.904
228.215
293.716
224.515
325.403
209.27
251.06
306.708
249.508
233.232
223.016
277.052
245.99
286.557
646.347
328.927
237.563
250.26
289.475
273.108
233.343
215.53
223.35
330.643
409.174
235.862
240.676
208.911
233.002
208.214
223.26
357.126
204.729
254.466
213.162
273.617
209.425
311.617
221.587
245.129
244.98
313.254
203.492
421.006
235.546
279.193
460.607
291.952
240.42
506.439
206.536
204.968
365.33
451.218
216.908
566.948
258.232
220.036
297.084
224.473
233.816
204.998
205.745
265.981
223.877
211.033
262.067
367.708
274.162
221.016
245.286
457.33
202.889
219.062
232.981
413.438
201.142
306.814
204.194
276.496
326.585
223.199
205.653
226.332
248.324
222.097
447.149
466.891
359.006
365.427
219.955
316.784
244.945
224.691
203.978
290.661
228.6
244.661
232.794
239.364
290.61
333.567
267.421
202.699
206.886
315.641
239.397
219.048
356.881
256.326
208.043
237.731
213.939
294.6
391.123
226.334
372.145
257.874
273.214
210.905
268.041
330.141
210.198
221.813
300.769
225.158
351.379
373.225
276.158
426.739
220.658
257.369
208.761
303.491
235.242
227.271
262.812
422.361
284.877
522.22
291.204
340.607
205.949
1595.38
291.608
304.746
278.986
556.298
626.212
419.72
374.973
213.813
248.644
501.953
214.788
467.764
211.376
466.577
250.154
236.639
285.899
215.437
222.2
362.473
330.701
518.239
238.029
293.032
247.921
201.035
257.89
203.034
259.251
246.493
227.614
222.016
229.417
223.385
295.423
377.963
234.211
203.155
735.939
223.49
260.133
230.38
236.561
441.046
292.394
288.986
291.829
825.626
386.256
246.885
318.893
203.897
240.996
248.994
208.228
330.221
229.554
296.111
363.795
210.746
337.861
745.433
248.63
249.642
566.886
330.347
240.653
226.497
208.497
204.309
222
253.255
1026.63
384.903
243.16
924.131
225.062
207.964
203.654
250.787
236.856
443.34
242.14
212.13
202.746
391.765
283.984
346.651
226.93
235.919
271.715
201.388
265.341
218.696
260.453
234.139
274.478
362.375
244.657
350.94
212.633
296.523
203.738
228.965
759.366
306.064
360.527
237.617
219.88
404.461
222.335
239.169
252.254
231.303
219.841
217.129
202.65
218.982
281.542
233.343
266.024
214.714
350.044
201.492
216.192
270.5
239.153
524.721
472.422
227.09
647.471
357.466
338.897
797.707
502.282
516.011
258.842
297.654
392.832
374.408
234.872
218.215
219.454
331.931
315.812
218.959
360.963
240.354
436.324
391.147
201.283
212.41
288.863
213.668
275.247
313.286
219.249
224.214
281.904
287.779
205.409
260.311
259.12
500.13
269.88
543.15
410.367
237.419
320.461
255.165
300.378
332.627
562.695
208.279
490.824
340.503
226.51
325.403
449.645
226.912
292
435.656
216.712
350.973
245.467
224.562
204.262
382.124
266.096
241.603
223.298
248.296
441.275
211.577
206.56
320.372
209.378
210.803
225.526
216.227
204.113
316.525
230.467
317.161
215.956
200.395
279.186
221.75
209.172
349.288
207.824
566.754
292.923
214.637
240.4
246.339
247.162
257.064
421.987
242.693
246.03
227.693
491.704
285.801
221.023
211.223
262.897
211.426
361.069
240.753
207.499
252.771
237.181
244.264
259.16
252.383
570.136
412.966
285.937
247.174
433.938
597.778
241.698
212.339
213.963
217.226
256.813
204.25
303.949
286.566
277.056
403.031
211.426
402.38
261.339
205.951
203.544
285.063
1639.46
238.218
561.924
203.799
839.646
337.353
231.89
214.376
289.574
305.943
210.307
244.305
281.075
202.946
696.76
217.094
709.606
240.792
286.979
262.198
211.145
398.967
276.187
254.704
237.964
223.768
445.345
233.904
1141.29
402.852
338.761
242.464
286.259
306.24
217.83
264.692
217.952
262.164
337.227
317.178
302.414
401.937
224.982
222.286
363.691
204.561
435.784
222.378
277.292
236.624
219.322
294.59
477.255
206.371
247.493
275.149
211.26
225.198
332.251
206.024
304.256
240.946
335.629
471.787
213.195
225.269
266.006
254.323
247.069
308.365
300.729
264.738
327.681
476.25
288.418
217.752
350.718
231.056
792.991
402.512
292.79
233.88
216.809
223.264
202.467
210.385
280.726
228.799
210.404
221.626
252.598
214.476
217.035
229.475
202.26
200.37
230.252
204.705
206.104
421.9
1151.38
219.112
266.623
212.276
230.783
235.459
223.065
229.569
260.576
227.644
303.078
223.45
257.986
220.984
232.267
225.728
290.699
229.898
269.145
224.335
331.754
209.647
277.977
297.093
231.4
232.108
375.243
243.183
397.724
208.372
454.115
225.936
204.543
270.346
208.192
250.894
328.392
641.254
203.48
274.478
255.595
236.191
220.98
305.066
404.944
222.877
339.128
259.99
276.787
258.192
222.556
222.349
207.94
222.769
230.004
201.911
205.395
456.163
247.316
235.274
375.701
248.516
269.939
203.993
283.332
207.536
257.971
204.88
202.106
222.814
245.538
240.929
223.289
231.974
264.908
206.492
277.433
226.788
444.621
201.39
242.225
294.012
312.33
245.795
218.966
242.06
201.574
215.958
417.23
363.507
400.659
292.25
284.7
254.976
