310.337
303.709
258.209
414.731
428.223
203.985
476.213
350.721
355.266
444.073
227.989
342.93
211.208
204.871
285.494
327.825
222.76
226.369
212.897
343.456
254.352
214.056
258.774
242.763
266.453
208.888
260.749
255.732
204.905
206.635
373.082
240.535
211.329
248.741
247.239
271.744
478.003
330.292
431.848
310.891
380.267
204.291
270.819
227.121
224.31
264.687
209.23
260.135
230.03
218.756
584.381
423.579
229.706
684.69
203.347
220.678
236.349
202.393
481.489
226.868
290.474
218.977
361.545
383.269
204.949
219.966
220.418
266.897
201.943
484.464
298.077
604.842
217.366
225.118
200.823
257.439
319.694
351.409
216.324
293.063
208.653
284.473
273.421
261.103
253.89
262.806
217.345
221.222
360.2
305.315
259.413
204.328
323.411
214.798
736.191
208.725
364.886
201.216
330.071
247.564
477.82
353.183
232.534
414.959
270.675
276.807
273.45
312.682
525.903
211.194
253.886
287.951
414.394
207.808
242.654
210.912
212.819
1968.9
324.671
255.435
249.53
287.979
226.007
472.702
208.976
297.337
222.02
397.686
424.973
372.199
399.559
632.463
219.436
277.097
237.179
229.004
253.515
281.407
274.337
460.13
293.554
257.763
247.107
216.979
200.689
214.378
236.004
956.552
291.35
273.87
207.309
278.401
249.153
396.682
286.639
201.765
246.879
302.759
210.844
343.927
420.821
216.308
317.249
489.196
290.102
230.154
257.216
257.752
210.95
240.212
216.721
268.186
249.556
232.558
219.634
225.98
623.809
210.34
1741.51
245.298
244.104
323.008
237.714
259.971
285.449
242.796
231.808
243.949
482.251
203.63
204.316
278.489
313.775
210.107
575.445
358.14
248.863
225.335
256.521
248.93
445.147
257.268
222.421
218.007
219.975
237.91
217.357
280.913
241.717
203.153
252.581
464.854
276.063
363.938
208.348
242.304
206.318
281.741
294.905
216.696
265.867
209.988
230.397
340.727
219.363
283.856
348.233
240.094
207.041
230.586
452.526
328.184
292.623
282.722
200.831
295.08
501.445
249.088
227.653
341.974
226.685
212.292
367.574
250.082
335.013
498.57
294.114
237.108
244.982
362.536
532.451
455.604
207.709
248.123
503.669
277.173
204.343
218.95
544.562
236.108
236.607
275.699
229.14
217.963
302.719
321.537
208.209
452.046
250.18
210.01
248.282
208.413
274.261
209.907
271.525
266.762
241.783
210.853
214.093
296.528
205.9
251.867
242.332
343.204
272.916
300.268
202.771
206.686
245.312
328.091
254.924
816.605
259.548
228.766
203.772
261.84
246.386
823.544
280.859
773.608
210.711
226.369
230.87
253.409
204.167
245.147
326.614
250.713
244.084
321.817
279.297
263.196
217.396
214.156
201.301
239.399
323.424
496.4
240.004
244.951
208.245
274.173
225.71
283.071
272.98
466.299
234.162
211.913
202.943
306.989
256.314
274.529
323.856
232.03
213.848
390.547
240.254
386.04
256.103
202.48
312.428
403.637
233.431
211.414
227.236
205.594
215.325
539.406
250.607
290.95
216.322
225.042
377.48
372.918
290.505
240.327
289.339
201.229
238.078
262.859
221.434
200.858
229.004
208.67
418.061
224.92
333.105
210
234.239
259.363
240.898
289.907
297.407
328.239
401.928
290.439
245.499
395.025
332.914
223.537
296.955
222.807
202.485
203.738
304.044
227.073
208.83
203.686
251.034
369.751
405.443
210.136
226.815
212.398
225.164
594.016
461.452
212.782
267.496
345.078
319.039
204.617
225.164
424.998
378.053
209.423
215.465
330.336
212.662
281.313
270.803
229.658
478.946
226.583
295.858
289.354
201.574
215.446
521.423
464.693
244.591
318.569
247.034
365.825
342.392
201.301
305.395
256.982
237.011
224.702
577.013
212.403
219.502
626.374
258.167
271.518
240.427
270.987
231.249
233.154
222.187
250.12
211.485
231.19
277.065
252.923
349.863
203.261
207.733
460.155
220.977
348.966
291.776
246.372
201.777
356.87
257.06
274.403
262.734
337.766
260.438
202.734
263.668
203.826
274.552
210.499
235.642
207.533
234.947
408.788
240.004
202.645
218.735
230.315
269.394
212.24
257.957
242.202
232.459
223.031
331.095
215.156
252.684
290.205
221.712
236.774
316.354
269.292
298.603
209.848
262.442
231.398
214.574
484.121
263.759
392.203
263.869
240.058
296.827
212.377
225.88
218.3
211.223
223.64
557.312
302.3
208.583
269.646
206.649
209.926
316.307
256.166
225.269
206.468
231.422
454.36
232.159
349.688
229.722
251.909
278.356
227.609
440.672
265.874
402.984
221.07
224.802
280.257
210.585
211.932
212.697
507.87
804.076
320.732
220.468
239.867
215.223
242.868
409.528
250.126
226.749
359.616
235.364
320.723
541.287
262.061
730.769
273.011
206.398
277.874
206.386
246.725
221.436
275.735
235.65
1422.06
200.377
250.633
300.757
267.892
207.15
201.249
246.374
207.82
340.883
229.78
215.866
232.942
363.374
288.872
289.846
449.104
483.101
225.464
262.336
217.152
320.521
205.439
355.249
207.55
627.966
221.493
204.127
206.524
274.122
356.08
248.668
224.134
248.292
218.511
425.56
346.458
258.598
219.34
203.465
1212.56
243.752
325.371
346.892
226.956
222.288
366.767
236.905
279.172
205.585
202.025
361.368
204.78
240.47
388.017
215.926
247.942
277.703
202.297
298.625
315.263
702.289
345.876
220.034
290.002
384.578
211.551
284.608
279.328
202.433
353.843
228.83
300.408
395.256
216.377
458.674
281.285
309.071
210.44
239.27
382.687
287.115
315.003
218.47
284.382
207.574
238.038
256.967
271.989
299.142
209.917
213.932
247.808
257.043
237.565
235.843
240.352
210.891
274.259
375.745
221.317
214.618
300.691
234.578
205.446
284.134
245.589
460.462
231.812
276.302
318.416
521.288
234.344
242.551
270
250.154
203.45
223.076
302.4
332.316
327.552
296.282
242.831
222.553
212.429
201.504
304.357
260.417
328.174
279.582
256.265
258.339
218.383
262.233
412.022
214.434
345.352
266.197
208.002
320.905
227.17
242.93
202.203
300.531
219.073
464.307
200.719
221.075
206.09
352.719
210.727
207.458
213.012
228.237
218.422
355.689
221.086
253.708
231.42
491.763
268.762
447.235
234.109
312.16
231.27
283.574
262.034
409.869
368.244
210.746
202.559
300.811
367.611
325.693
317.017
358.997
329.211
254.659
746.905
230.043
286.815
233.838
286
227.596
266.546
255.333
255.294
214.674
276.964
315.812
358.547
249.738
203.482
344.775
347.655
469.275
285.743
285.366
229.826
267.867
384.13
220.434
236.284
449.812
212.988
250.142
254.181
369.375
238.544
222.697
295
224.96
274.192
206.019
302.774
229.9
267.946
212.516
258.815
340.428
213.972
232.463
290.224
204.968
276.331
270.115
238.665
277.534
224.544
227.781
401.71
297.345
276.628
237.297
246.676
699.515
248.109
202.2
300.465
228.443
229.748
257.257
233.917
532.909
1220.76
380.249
215.829
301.609
229.672
204.568
210.233
238.981
240.185
213.317
225.898
476.454
249.082
573.037
476.836
354.727
230.697
250.649
382.894
211.889
239.783
221.651
287.258
231.141
291.513
249.447
216.728
220.878
243.557
316.324
292.684
310.583
311.512
202.869
229.56
224.856
245.589
434.19
225.011
200.09
889.979
229.183
238.09
233.707
209.081
246.372
220.93
204.46
219.677
361.309
214.846
294.534
346.788
751.349
206.429
205.085
203.217
340.576
282.951
247.722
730.24
204.834
219.632
437.102
223.379
208.283
444.487
242.532
204.705
395.573
214.949
233.84
529.897
375.911
209.719
218.034
254.637
303.452
237.183
210.04
302.549
351.602
247.635
310.118
361.451
285.417
283.498
245.561
235.553
314.355
313.82
228.685
282.864
211.317
286.726
206.102
298.789
218.33
227.958
203.086
264.409
252.775
240.813
344.086
469.844
265.134
242.975
235.24
535.974
425.797
324.143
212.469
235.898
265.533
211.272
422.33
306.141
404.944
237.249
251.873
394.669
259.871
209.127
272.41
202.336
299.548
219.185
276.8
202.675
259.205
204.269
290.215
295.895
232.215
210.891
321.644
205.636
226.137
338.491
216.338
222.331
220.561
215.005
330.377
259.785
430.771
391.698
200.933
204.956
202.49
202.336
250.611
232.955
261.071
338.848
311.427
293.84
213.645
208.806
203.219
208.413
756.675
239.604
329.958
276.68
291.697
202.554
318.233
213.005
325.447
219
244.557
238.401
537.976
362.704
200.357
218.858
210.152
665.945
209.802
646.818
301.493
341.287
201.918
201.958
205.781
343.453
253.533
202.067
206.26
227.713
275.305
235.306
208.372
217.159
367.112
275.169
498.953
646.886
253.134
246.341
305.926
200.793
430.486
226.245
262.833
255.472
258.558
263.907
222.07
224.397
252.353
310.169
206.886
233.786
266.075
237.415
339.174
205.825
258.105
225.675
397.667
266.261
222.38
359.473
266.447
261.708
224.591
259.054
334.355
268.799
421.133
266.011
206.766
204.348
416.739
201.318
285.582
244.763
321.674
616.904
391.194
277.98
214.383
338.211
384.51
226.674
215.94
279.755
410.912
253.917
466.216
228.403
710.001
219.456
235.981
246.42
243.477
248.871
227.818
298.362
219.007
243.83
768.432
321.59
206.978
233.66
341.835
230.263
453.139
231.219
268.052
263.757
256.626
246.637
214.923
236.516
260.088
206.141
204.771
233.169
226.133
398.54
202.349
220.431
297.35
206.349
204.037
293.978
202.968
213.614
228.653
216.809
209.993
480.621
204.741
202.104
206.841
344.791
260.204
226.53
261.253
339.175
218.598
229.704
224.488
236.911
206.879
203.305
209.99
202.297
278.869
215.198
201.742
233.264
298.141
287.103
226.004
269.67
314.426
211.218
245.565
230.645
285.659
265.701
200.167
251.47
333.718
243.056
214.404
212.226
224.927
202.726
207.012
367.317
211.305
214.395
235.16
278.417
226.797
276.847
365.493
242.277
224.722
262.122
220.456
272.914
314.027
259.087
276.798
800.291
220.597
284.651
261.199
226.855
291.184
323.657
266.274
394.946
296.051
217.062
250.918
259.044
287.884
213.535
205.704
610.62
204.895
519.302
222.794
226.718
202.736
281.009
252.03
276.735
363.552
222.632
361.967
244.714
205.874
271.93
506.877
235.567
212.328
201.708
244.035
288.806
423.208
534.299
214.555
204.834
248.443
244.508
452.469
304.304
291.002
202.869
307.498
837.146
294.469
373.383
355.03
212.758
399.731
204.12
229.558
499.761
268.487
209.253
218.28
332.932
321.423
251.106
366.79
218.041
200.995
262.053
297.799
210.226
206.041
245.868
209.179
381.443
404.244
439.368
254.244
246.504
277.734
204.827
449.918
407.736
281.5
226.133
446.831
219.684
543.282
475.412
434.51
349.829
227.244
222.72
284.468
237.224
486.898
215.047
503.755
247.166
259.334
208.382
208.363
238.327
407.2
305.864
485.246
227.297
424.811
269.609
273.251
204.543
238.977
232.783
560.717
243.107
217.989
223.837
223.993
209.155
204.985
206.369
296.046
339.021
256.653
260.144
318.534
261.547
316.768
360.776
231.035
200.577
257.366
328.423
363.619
262.044
316.443
291.488
231.907
213.063
200.881
239.479
238.443
200.305
495.27
327.468
271.337
250.414
337.703
209.819
234.145
307.717
328.48
227.315
421.674
266.918
217.081
244.696
220.579
414.863
244.461
222.245
206.315
243.571
332.429
1110.78
503.754
243.84
238.546
282.356
224.884
219.761
205.592
263.756
249.469
296.16
347.475
287.2
207.381
428.487
270.976
240.029
306.782
229.07
385.483
203.733
259.235
250.743
318.365
215.467
217.697
213.045
213.546
240.094
229.454
260.58
202.025
242.771
256.468
345.757
339.57
224.849
271.413
419.58
204.993
268.19
398.876
221.21
200.242
281.325
312.527
312.936
203.145
257.076
204.575
300.732
258.37
216.73
216.194
204.783
325.248
212.219
206.637
211.856
243.399
213.923
403.088
221.869
218.222
234.879
250.416
225.479
243.076
209.726
493.205
215.081
273.646
223.011
457.529
251.197
359.329
247.786
221.822
311.638
203.098
246.461
254.547
208.888
279.138
235.489
234.267
265.038
319.295
317.899
210.685
266.363
343.939
264.129
265.558
338.482
287.618
319.279
303.738
254.281
245.941
286.552
346.58
229.7
202.267
289.501
224.002
352.836
224.25
1049.14
206.688
226.857
354.614
218.724
226.874
250.26
260.236
427.412
270.718
309.212
389.897
220.254
252.735
225.211
496.211
210.986
215.318
216.421
739.148
276.129
240.354
279.546
351.783
308.77
358.353
353.644
224.482
228.327
209.64
261.391
204.509
314.022
224.261
249.337
324.598
553.624
261.553
230.79
263.761
302.237
280.068
241.037
248.034
262.41
221.405
341.667
329.704
307.669
982.811
205.453
333.885
263.949
250.298
215.613
238.038
326.158
218.023
362.496
378.691
233.989
235.074
220.998
242.916
224.141
212.939
223.553
258.37
543.492
572.184
290.854
255.595
406.255
582.676
228.95
453.655
211.615
309.226
661.185
217.587
300.832
340.082
240.217
366.853
279.381
225.635
376.792
232.45
288.049
307.438
222.439
203.922
383.577
257.093
564.453
228.95
403.773
287.475
246.024
212.568
221.998
215.984
202.109
282.011
200.524
203.298
264.163
216.451
279.487
216.097
205.422
275.273
215.94
233.32
285.458
221.587
472.121
429.838
235.597
238.01
275.06
232.078
225.936
250.086
364.486
483.081
205.619
283.164
218.73
305.786
231.558
658.929
221.26
293.92
264.823
205.808
214.082
1155.07
263.543
524.536
251.893
206.393
215.768
332.749
390.482
230.369
241.073
204.45
202.845
240.462
341.7
202.22
336.985
241.789
407.257
224.308
202.109
357.809
212.965
230.562
211.811
234.974
232.903
261.006
219.388
287.413
241.69
390.761
270.213
310.636
237.796
334.622
266.357
419.304
352.965
215.27
349.564
399.436
211.296
261.354
364.266
249.411
260.745
389.468
287.936
337.993
246.311
335.732
379.725
248.383
300.4
212.497
428.878
202.596
211.384
252.165
243.255
227.108
226.42
278.428
201.613
237.579
230.744
224.633
322.786
299.226
675.62
214.947
289.681
278.421
223.567
212.779
336.244
272.355
383.965
229.419
368.757
332.367
276.478
258.776
307.469
554.221
271.155
265.857
753.074
326.824
270.782
331.762
391.357
338.984
264.286
236.1
218.099
415.968
703.149
349.324
235.451
201.487
331.48
201.196
200.649
248.902
324.097
272.52
294.428
242.258
241.901
735.515
544.776
567.838
273.918
247.782
200.005
203.231
232.79
254.602
246.98
601.306
520.743
242.555
301.949
249.034
206.942
266.18
308.193
234.339
311.529
268.134
310.717
202.158
209.919
270.943
227.183
239.767
221.921
472.12
293.131
216.991
221.619
291.019
223.381
390.615
202.899
269.574
338.127
608.865
289.016
383.719
234.429
209.33
415.607
255.809
293.677
249.445
580.785
242.864
242.394
276.197
237.165
234.265
200.998
283.24
224.444
217.897
229.528
453.482
201.107
218.298
237.146
522.897
234.004
225.451
286.267
219.504
336.219
512.067
283.725
209.38
286.388
708.615
237.396
207.899
285.554
240.846
273.534
220.45
254.136
231.62
244.405
297.568
300.746
205.623
215.29
248.57
264.551
255.1
215.803
226.119
209.005
253.051
201.926
243.787
216.402
212.375
230.502
541.961
204.397
341.104
246.883
426.215
253.099
391.587
319.161
406.807
462.472
235.998
255.431
402.934
299.511
485.949
267.612
214.292
346.759
209.105
275.356
369.763
236.787
787.919
258.648
360.572
225.796
335.121
207.343
244.381
315.807
364.486
281.592
205.985
261.899
243.368
209.99
255.627
258.832
201.747
534.979
698.731
300.232
228.611
261.809
218.195
337.007
352.406
282.599
449.042
228.561
556.055
208.103
293.612
429.179
216.287
208.559
208.832
243.686
231.81
262.246
203.381
248.244
226.914
830.163
290.028
212.422
237.615
231.007
278.634
247.346
241.307
428.524
238.479
221.217
200.41
298.49
280.348
241.446
215.761
269.854
238.313
447.941
270.849
238
308.861
267.875
267.387
206.512
328.67
458.102
253.28
230.614
385.834
336.076
234.423
291.592
209.067
250.064
276.727
246.504
216.894
328.78
229.565
460.444
255.771
456.281
204.976
223.09
229.301
212.028
214.618
237.348
224.408
247.176
238.384
228.07
216.993
258.052
370.204
241.822
299.486
243.538
205.163
416.992
228.908
278.783
231.556
386.448
231.331
259.754
261.402
233.726
213.841
206.325
215.116
231.344
240.732
206.727
268.237
215.216
235.739
210.043
254.051
499.154
233.009
232.336
235.234
259.987
207.401
269.787
214.548
271.07
348.807
218.426
225.129
234.783
220.245
272.888
201.519
213.195
235.245
384.012
318.135
272.193
293.043
275.521
401.78
217.028
586.844
252.307
218.87
272.476
286.922
290.172
232.979
247.598
207.93
215.098
221.558
338.724
251.281
349.744
323.141
201.928
241.979
274.862
239.606
275.389
254.297
202.497
245.053
234.352
271.369
208.137
244.047
480.689
229.682
660.881
237.306
203.941
219.027
729.028
267.346
358.243
200.923
205.217
331.02
236.182
279.183
240.065
287.764
293.981
673.756
283.561
250.679
214.49
246.388
234.738
273.998
203.762
213.769
537.308
289.104
201.98
291.058
219.477
340.241
245.9
241.311
268.507
242.642
222.32
283.071
203.669
214.341
219.891
225.111
203.116
269.243
534.816
289.684
209.986
269.679
328.012
208.646
391.722
228.368
264.728
217.784
967.767
276.94
233.317
261.821
213.427
247.259
260.513
223.083
1006.55
490.631
231.396
470.627
207.832
212.052
239.036
217.878
213.476
397.911
237.798
291.878
217.731
397.351
384.588
363.348
248.863
569.36
442.424
204.492
292.341
225.129
239.533
211.625
315.978
456.43
203.654
226.963
518.518
687.234
281.496
413.573
340.498
329.301
251.662
213.839
204.389
341.416
251.776
203.517
328.085
472.909
209.402
464.984
410.843
313.678
276.991
254.122
223.591
203.701
221.993
207.533
209.347
261.992
283.903
206.075
255.699
213.86
209.026
242.685
262.739
201.908
462.485
317.682
398.939
256.903
205.913
617.119
340.413
206.063
321.335
375.18
205.623
438.806
213.565
206.121
725.89
508.631
237.489
247.552
266.438
221.025
201.698
200.811
209.824
224.519
292.829
203.777
418.907
248.717
275.311
287.172
403.249
217.348
290.596
264.579
251.123
206.872
242.287
209.323
464.865
292.788
453.477
205.679
209.053
292.012
338.816
579.171
209.014
203.305
207.065
217.972
308.337
203.108
200.988
251.183
220.518
340.248
300.102
298.562
251.468
376.829
269.602
356.983
200.474
217.555
275.478
205.891
303.518
204.294
222.702
249.574
358.12
349.195
212.028
280.232
230.43
281.018
401.588
365.487
296.187
228.018
269.02
278.779
270.95
216.102
223.929
236.442
504.766
245.557
211.296
255.327
207.632
395.793
217.545
204.893
255.141
253.3
239.502
231.335
392.681
291.115
278.953
203.492
205.215
455.815
281.768
273.806
213
320.643
220.468
353.91
223.949
207.642
268.818
270.924
217.437
251.022
218.28
347
252.313
209.821
238.439
294.9
256.825
269.477
250.034
490.254
414.644
257.556
213.242
344.711
448.516
248.495
208.943
215.986
252.913
234.416
235.737
242.18
368.845
220.543
229.713
378.254
234.819
222.517
215.342
203.108
203.578
516.381
214.397
204.661
249.495
280.948
232.308
307.576
244.884
402.24
259.937
232.845
521.246
227.644
379.959
208.226
247.74
290.58
322.293
225.304
308.462
219.713
297.362
236.455
237.493
751.715
498.994
243.522
240.776
232.345
327.686
223.553
215.142
360.828
356.955
231.171
246.1
227.77
243.477
208.643
352.189
429.478
357.158
232.783
200.806
272.015
227.007
200.489
210.079
241.485
412.114
209.993
291.44
221.847
210.157
355.966
277.404
212.511
812.527
231.59
212.638
236.474
363.015
259.395
278.014
206.318
367.012
321.54
256.367
390.402
1267.56
248.648
217.908
255.568
202.712
284.907
302.647
347.32
218.847
278.185
577.29
238.979
227.475
212.351
242.652
267.062
287.823
294.998
225.599
216.34
203.995
236.639
275.523
229.105
289.544
212.024
222.27
228.945
493.652
239.203
206.373
291.055
239.595
200.265
217.989
252.836
207.986
254.124
247.788
260.649
269.407
268.302
213.553
414.9
217.924
200.759
245.18
345.219
268.129
202.689
237.577
205.594
269.911
445.956
271.496
214.304
221.262
215.486
349.8
221.533
273.719
227.418
213.516
365.569
379.339
222.268
410.808
253.909
267.419
276.308
210.428
207.331
203.44
285.573
338.698
205.932
248.183
288.187
277.2
203.094
304.67
257.505
360.261
202.966
225.357
271.463
228.296
208.809
239.351
252.432
480.258
588.974
205.09
257.101
222.43
221.011
841.992
454.313
287.449
212.382
214.322
202.22
244.16
370.62
310.221
217.251
274.064
428.049
206.998
263.471
245.491
260.046
294.579
311.328
336.269
206.204
257.393
214.632
392.818
293.988
266.445
202.81
206.293
257.519
231.29
342.246
244.976
344.077
223.9
231.378
210.67
241.394
324.342
314.571
254.213
207.039
208.926
289.912
245.906
303.167
201.648
433.047
501.336
364.117
223.732
392.8
220.907
246.879
305.532
217.127
396.822
393.768
238.229
201.504
231.249
265.675
339.04
396.598
247.609
205.796
228.383
258.617
230.903
324.181
204.583
570.863
209.27
211.185
262.416
276.13
281.872
202.97
476.196
241.162
207.111
287.291
206.538
233.41
319.384
310.421
274.838
219.094
293.428
212.594
244.254
476.911
204.296
238.912
227.846
316.634
296.095
329.325
444.953
224.597
630.827
225.528
299.8
351.847
251.7
224.528
524.187
231.836
207.302
232.06
476.233
266.805
217.357
246.234
456.717
265.55
237.002
233.032
476.12
258.847
363.94
345.56
224.357
233.079
542.95
351.75
308.284
229.395
206.993
409.928
341.737
345.458
269.366
225.018
357.248
365.586
211.073
232.585
289.31
237.87
234
268.602
200.803
322.65
335.927
243.536
206.838
232.671
216.813
304.043
266.421
207.966
283.159
568.224
307.75
311.713
545.803
282.885
212.229
288.002
411.22
254.556
315.693
215.095
256.308
230.851
208.199
206.153
268.84
200.26
415.458
594.188
249.986
236.932
248.383
243.711
202.842
329.409
219.889
204.558
263.939
253.051
335.131
227.464
200.567
249.09
210.545
207.072
275.632
272.881
243.321
581.758
288.432
298.545
230.354
318.102
490.866
337.846
338.064
309.748
536.993
311.546
268.295
309.69
222.695
214.67
211.135
290.818
225.858
328.719
205.631
239.927
219.091
200.432
441.011
328.732
274.953
213.422
280.626
889.285
209.487
276.668
205.857
252.757
229.621
270.814
205.017
201.732
212.739
221.418
424.25
215.235
410.101
254.071
235.981
250.872
293.983
228.664
207.222
234.906
214.346
251.261
238.403
237.546
351.308
289.405
270.812
308.067
206.882
270.797
224.43
213.084
261.912
249.337
201.695
220.145
256.949
304.667
244.54
340.525
279.038
249.784
347.872
203.487
239.564
227.042
335.049
253.85
266.798
217.578
239.577
225.278
254.45
363.806
293.022
224.176
214.588
238.409
331.492
220.359
276.228
216.975
329.753
247.552
276.783
239.113
210.335
255.546
306.501
200.27
218.772
977.947
236.205
314.865
257.212
408.958
515.358
255.971
288.946
258.778
421.771
201.78
201.646
231.474
234.359
228.022
239.029
657.851
213.221
210.924
205.808
206.596
221.822
242.339
279.491
212.775
256.262
220.193
230.651
260.296
217.706
210.651
203.517
203.973
441.235
212.342
225.304
202.534
223.484
222.764
206.272
264.418
217.221
326.582
245.892
231.391
242.726
377.926
207.314
330.658
225.424
209.404
444.428
288.552
225.929
472.424
261.83
225.819
356.261
391.844
207.449
501.056
205.112
203.335
274.239
380.258
224.88
535.219
765.985
208.993
233.57
232.729
317.482
216.032
221.563
244.018
208.087
307.42
301.291
206.432
440.896
266.755
455.4
242.835
277.622
206.281
201.189
309.532
577.621
241.719
485.687
470.003
354.641
280.598
211.317
342.673
445.567
239.263
421.317
213.108
265.562
237.914
275.636
205.973
240.087
230.295
201.226
294.612
295.674
313.539
481.222
286.451
507.404
420.824
205.239
414.343
254.417
303.412
219.112
296.452
201.715
235.909
222.268
250.823
377.833
211.662
261.19
239.22
240.643
218.68
297.891
296.736
255.746
307.61
585.828
252.242
220.03
205.477
255.689
232.146
257.039
398.579
642.261
307.055
234.137
257.369
278.688
222.522
296.613
266.447
264.008
228.583
228.3
208.588
229.192
207.461
212.215
237.866
212.911
356.891
326.962
262.854
223.217
354.15
250.924
462.909
548.734
263.549
251.352
354.215
316.85
361.91
264.802
208.55
208.923
205.718
275.483
205.473
220.411
265.04
421.797
282.085
314.42
226.48
246.773
277.996
229.425
257.62
264.044
245.567
235.1
285.263
248.506
233.469
322.23
812.083
711.159
252.345
606.637
237.118
299.089
470.095
590.371
273.691
1044.88
266.284
601.722
220.182
315.17
325.589
270.76
362.939
366.078
313.447
255.46
213.218
323.728
236.229
213.549
244.92
232.418
218.934
234.693
427.067
865.988
203.706
1152.73
277.485
456.489
343.737
229.079
268.46
291.108
243.504
306.491
268.27
290.89
551.111
205.509
205.334
317.125
345.77
294.571
517.045
266.563
214.457
229.848
207.157
377.77
245.768
216.426
371.036
243.738
248.077
209.096
251.994
242.38
201.057
436.266
213.431
424.853
291.513
244.698
208.324
207.959
274.14
216.053
222.874
214.867
211.263
212.429
223.193
269.477
228.285
226.069
205.786
202.936
245.051
201.455
302.473
233.26
339.659
335.404
237.805
218.756
253.134
260.96
311.716
318.431
635.567
407.597
207.222
301.043
206.565
213.808
219.422
203.086
343.09
408.599
247.312
560.392
205.888
223.188
218.257
255.404
217.476
253.569
293.66
939.644
214.355
320.83
211.258
203.18
203.521
247.879
226.72
240.033
205.636
237.662
247.673
218.756
329.645
466.453
449.299
214.257
249.325
200.297
231.476
294.25
234.728
931.977
200.94
271.214
339.03
232.14
224.361
259.421
494.849
259.86
313.34
336.855
239.842
208.988
351.09
208.401
238.881
216.779
202.079
745.88
201.189
260.505
414.977
271.157
210.326
300.91
219.579
375.965
305.465
277.957
397.215
298.553
240.711
213.272
308.866
232.073
565.239
225.089
207.699
204.79
279.623
220.943
226.89
229.085
279.179
493.648
205.348
203.868
299.431
225.488
203.118
361.08
491.333
445.438
209.306
208.72
250.438
204.191
307.078
218.298
221.725
217.617
235.525
406.241
238.525
225.084
409.189
417.659
200.272
214.266
320.314
285.804
206.293
270.379
290.525
226.159
367.106
201.159
253.728
348.279
311.585
549.514
200.445
232.663
246.824
284.162
212.415
209.327
230.328
228.44
228.39
205.937
540.612
224.595
222.738
292.604
334.761
205.032
249.584
260.087
209.225
232.045
240.772
267.772
299.858
203.755
257
207.822
252.905
230.067
285.935
203.007
236.531
1288.12
210.983
200.612
290.038
200.509
214.196
421.424
214.248
306.835
227.394
338.734
482.125
217.63
236.487
355.969
232.506
271.417
362.556
206.87
218.9
277.984
385.699
302.172
244.014
200.499
349.891
243.132
441.905
337.485
347.928
517.764
232.768
238.556
217.803
212.007
311.387
248.733
310.677
245.681
282.342
2007.27
461.033
230.844
259.577
297.464
220.889
203.345
327.634
518.952
210.397
246.862
200.072
204.604
316.481
232.764
366.928
212.434
215.095
237.122
309.369
211.882
285.956
215.288
200.773
277.309
282.922
242.143
208.509
202.228
215.144
258.749
259.54
268.782
315.97
257.004
717.742
614.611
296.581
279.593
342.193
950.911
206.57
268.421
279.666
275.975
396.953
221.522
307.844
353.166
257.953
205.066
322.034
209.423
491.573
205.83
349.704
334.657
231.372
257.979
227.627
385.306
266.201
271.665
203.796
205.947
278.864
203.502
215.358
361.292
256.776
542.611
240.603
203.212
341.833
223.984
203.98
311.62
231.004
218.05
215.188
226.393
954.102
393.886
252.519
380.225
385.264
296.473
284.231
265.294
210.886
238.338
399.804
329.456
346.729
240.275
205.297
206.23
233.189
219.622
318.321
281.421
228.103
747.521
286.475
226.866
230.773
235.296
343.127
218.241
307.065
297.61
382.304
225.364
267.511
279.995
233.384
228.478
210.502
224.564
247.592
243.801
330.894
329.898
219.57
225.082
209.523
644.198
238.701
252.408
339.348
293.775
221.865
787.809
235.085
385.592
205.156
420.271
249.894
221.292
226.736
228.401
256.012
218.804
275.053
369.122
343.859
341.589
284.572
225.453
207.326
248.831
200.105
253.423
212.796
410.931
271.081
231.305
275.875
330.151
249.459
224.591
215.981
214.642
325.871
369.159
227.748
227.414
348.208
459.142
213.745
254.376
375.737
569.384
430.359
478.123
277.725
222.641
228.827
834.137
427.586
233.989
228.891
221.833
262.103
298.98
312.138
296.724
208.528
258.008
373.273
217.122
259.401
1168.94
340.742
240.404
236.351
247.043
374.53
226.159
279.832
294.364
251.649
311.238
272.38
287.939
254.464
231.277
223.477
210.293
264.411
264.307
209.385
286.977
229.177
213.565
255.861
256.371
434.55
370.054
268.87
292.477
201.955
296.287
232.398
263.217
626.584
473.721
306.612
254.729
201.308
293.157
228.199
295.068
219.898
276.731
316.841
211.438
235.521
201.174
204.536
212.2
313.611
236.647
318.953
252.543
448.318
523.694
213.131
361.311
322.3
227.339
330.513
243.105
219.1
221.382
255.717
216.977
420.321
269.009
307.961
237.261
339.64
258.06
205.319
206.833
222.592
252.721
312.484
266.588
297.052
263.924
270.394
248.475
248.851
256.435
561.061
333.05
291.443
241.973
222.508
312.612
429.52
204.543
847.978
209.988
287.656
237.754
217.731
213.11
230.328
229.24
248.111
247.358
270.627
205.046
1277.62
243.85
208.971
275.946
243.091
227.68
317.615
666.275
254.706
370.315
235.206
441.522
389.808
415.91
269.883
208.468
212.335
1222.77
264.233
225.222
214.793
220.925
688.407
207.545
208.902
377.457
226.453
261.843
295.995
239.255
216.749
331.388
514.495
274.802
233.302
364.945
875.505
247.661
566.524
253.166
539.282
233.613
200.744
286.388
225.104
302.686
396.063
215.622
288.014
255.265
211.187
254.627
218.664
284.443
258.465
253.255
431.903
215.81
224.223
293.084
278.835
359
254.167
203.865
221.648
384.52
216.259
206.603
420.72
247.695
212.113
204.049
655.968
218.74
298.962
208.662
202.813
214.709
363.048
207.769
227.851
263.006
330.729
284.561
888.157
280.107
207.466
223.222
473.112
214.234
418.148
253.458
310.661
254.252
332.274
623.753
590.169
210.404
208.195
283.752
260.286
230.017
429.304
202.045
211.277
255.312
206.57
508.761
203.401
258.84
233.88
320.142
264.361
251.869
278.796
227.932
297.062
202.936
260.714
293.949
313.975
212.716
214.411
202.373
257.498
345.181
221.565
486.553
299.018
247.049
209.189
224.459
234.224
269.752
212.666
203.33
243.261
353.473
209.215
466.263
409.081
205.154
293.404
227.513
289.757
209.335
305.034
521.865
207.246
266.807
259.607
201.574
323.348
547.136
325.344
583.243
246.976
421.742
376.234
310.358
247.82
204.069
233.842
215.506
200.077
211.44
254.696
256.77
218.215
248.737
267.488
267.03
272.327
260.711
273.92
215.386
248.355
293.954
319.614
255.979
467.339
294.725
239.81
211.818
254.386
450.281
219.707
299.02
319.52
260.185
268.328
247.964
274.754
202.862
263.234
204.181
268.41
534.408
203.693
205.553
209.129
312.341
207.451
204.174
459.895
289.351
205.553
206.272
259.775
251.014
220.934
269.907
205.791
485.585
934.063
281.8
316.932
371.251
217.458
208.048
220.912
215.824
228.278
265.919
247.008
284.382
224.029
265.034
210.635
409.363
355.857
304.219
280.822
247.247
235.837
307.397
337.48
206.347
352.977
225.761
399.046
316.828
425.757
836.629
234.288
249.632
219.515
277.631
217.35
211.123
281.706
203.634
271.731
379.51
245.634
377.273
327.139
339.13
206.112
250.709
230.017
229.142
271.251
210.026
304.877
395.41
257.039
325.261
238.414
308.362
350.35
210.045
426.736
376.675
341.804
209.726
214.182
220.508
230.02
274.139
333.733
248.968
473.323
294.321
224.86
202.383
325.563
275.369
232.959
222.221
351.043
217.718
378.872
360.39
235.185
211.835
476.03
234.736
219.952
222.297
304.664
288.075
246.357
335.725
219.363
288.853
274.066
264.467
230.063
224.292
204.841
205.015
1246.8
374.98
236.39
200.045
220.611
251.899
396.201
382.109
215.697
342.891
476.119
297.093
471.275
318.959
211.547
568.109
433.81
458.475
202.8
223.75
229.68
216.781
258.894
308.896
203.16
234.184
376.736
298.694
240.335
206.024
344.787
227.183
211.797
444.409
216.97
321.235
203.546
411.362
260.645
257.538
355.421
384.074
238.479
201.336
292.5
323.074
209.428
290.863
208.504
667.217
283.104
229.813
217.147
263.154
256.308
287.461
202.818
279.383
261.023
222.09
274.259
357.681
220.497
311.973
237.891
215.571
520.964
203.025
221.937
202.951
221.138
270.252
285.461
201.762
227.649
251.595
205.027
227.776
212.793
245.727
286.466
222.2
232.407
310.77
379.888
398.342
210.007
301.493
427.224
398.353
237.337
362.404
244.068
471.75
232.699
376.922
235.474
258.234
207.779
256.418
243.653
212.939
214.695
246.747
322.345
291.945
261.32
276.096
240.175
295.403
384.366
266.693
225.162
225.533
351.211
328.165
201.345
534.032
234.508
243.298
281.354
288.472
232.431
278.307
546.556
250.904
840.668
374.116
217.911
205.117
249.97
209.604
218.842
292.771
246.729
244.152
257.583
341.548
312.842
223.991
223.75
210.666
231.035
1664.49
355.359
204.304
209.895
202.995
207.841
315.937
268.27
243.08
262.164
223.249
302.638
298.431
210.685
366.444
247.548
306.149
207.393
250.653
219.253
351.94
248.079
255.282
259.925
290.424
222.738
223.732
245.575
323.176
244.528
201.549
210.431
807.474
371.907
219.659
230.017
266.171
454.08
250.735
553.692
555.754
368.392
228.639
559.687
275.594
364.918
208.038
223.103
297.745
224.196
232.536
312.45
277.121
303.094
469.654
262.395
496.619
268.846
330.604
454.547
242.017
408.636
208.67
242.178
209.993
281.695
202.795
298.645
204.338
352.646
315.251
200.968
352.517
406.749
314.676
217.499
212.283
259.69
265.138
233.124
272.599
318.864
381.213
372.606
236.11
203.684
204.46
281.391
392.163
219.1
264.962
223.202
279.072
238.141
213.11
332.548
423.304
218.982
355.535
202.151
490.225
234.508
333.255
260.117
282.174
278.388
418.138
252.749
311.429
423.941
276.98
253.868
288.043
238.063
287.254
284.197
214.11
289.233
319.147
238.571
281.526
436.402
422.707
268.399
306.243
240.728
206.034
258.048
428.59
221.899
363.145
294.265
251.44
300.413
227.416
223.824
232.867
201.122
204.71
444.984
238.372
223.159
235.053
268.276
281.826
237.198
208.54
201.799
221.984
252.703
200.604
444.68
215.356
212.245
329.971
243.401
506.965
204.578
234.141
261.721
366.195
340.053
207.415
236.981
559.853
294.586
210.257
236.749
203.951
1006.35
203.399
202.754
678.064
200.686
294.737
332.806
545.031
268.337
228.882
263.342
225.725
239.155
274.971
257.511
519.737
280.459
205.08
270.279
223.692
207.851
236.299
204.243
234.723
248.332
223.685
282.73
206.981
200.689
261.077
375.87
219.463
245.471
215.414
219.265
211.667
236.021
235.767
244.344
307.226
278.469
211.289
268.734
298.072
355.702
215.917
274.077
258.476
708.953
212.756
217.018
249.728
296.971
212.716
246.905
251.334
260.338
235.822
748.563
402.887
249.674
207.608
328.16
739.233
214.56
318.897
204.086
205.572
229.702
207.639
906.179
252.204
292.855
284.614
258.327
665.108
310.456
251.042
220.957
200.985
275.149
269.959
601.148
323.053
285.976
481.353
288.657
212.045
280.373
246.362
212.457
257.546
276.438
364.526
227.396
221.093
505.017
363.681
200.477
453.102
206.335
264.246
212.753
239.357
259.898
265.876
270.37
502.326
449.752
218.618
261.461
248.634
344.465
240.616
253.779
200.247
429.738
219.506
680.447
251.004
215.576
220.554
311.031
270.546
214.019
274.408
235.238
309.508
241.22
235.482
290.95
456.548
280.872
439.923
266.916
292.86
349.477
237.415
207.246
466.232
206.252
246.114
210.917
215.754
306.857
395.405
246.767
667.16
200.048
279.032
218.499
301.385
202.064
317.753
532.879
252.214
266.34
267.671
323.875
202.756
208.406
484.986
203.863
317.959
271.584
295.589
351.585
306.416
209.306
230.246
410.791
246.171
314.582
210.39
220.633
230.66
222.387
203.544
210.471
309.752
330.244
259.538
291.705
480.484
228.451
230.137
285.403
361.684
261.777
204.162
258.645
366.742
223.479
383.288
228.871
393.989
241.613
257.909
260.674
319.961
355.196
226.727
307.639
495.749
224.597
378.169
207.822
564.886
205.881
263.807
326.864
256.33
252.119
272.439
247.742
365.463
201.735
223.721
233.33
300.248
321.202
224.684
212.49
219.941
223.482
364.727
362.276
231.616
235.289
225.838
246.767
473.376
241.58
380.757
418.984
256.883
313.374
254.653
228.123
216.088
739.076
259.567
253.507
230.877
298.754
364.561
372.844
298.546
202.178
249.319
253.383
220.223
225.976
285.091
237.28
281.482
288.614
207.738
276.411
242.256
271.693
360.4
210.706
240.447
266.494
241.626
326.602
283.32
261.268
290
398.436
209.222
368.257
291.906
275.744
291.398
265.232
241.969
220.284
206.797
202.943
312.285
222.061
238.696
369.904
207.36
220.214
243.772
306.451
283.009
298.138
392.032
314.22
223.231
281.901
216.365
289.981
218.938
220.817
202.324
229.02
232.616
208.809
341.192
253.681
220.032
307.208
224.631
245.504
213.319
268.289
201.281
447.61
1006.01
215.002
395.029
245.049
247.194
338.049
232.11
318.346
269.247
228.173
277.532
249.986
212.424
375.159
752.985
247.641
458.929
271.061
1978.28
232.656
499.58
332.99
214.021
424.464
317.361
278.201
268.822
226.265
248.312
247.54
212.633
212.511
297.713
321.38
221.373
262.421
261.677
306.809
207.62
264.036
277.189
206.906
333.02
232.837
206.896
304.595
208.091
206.116
318.547
231.411
211.339
265.403
240.441
201.266
224.437
228.469
363.065
515.095
278.706
502.049
233.743
227.13
223.596
240.572
300.255
207.796
374.385
419.831
343.302
286.491
277.836
353.809
332.965
548.348
528.679
224.292
323.343
214.089
511.215
274.662
351.451
225.122
220.445
316.915
252.727
340.503
240.329
225.389
203.885
255.057
265.532
227.233
246.455
269.074
344.558
238.158
470.745
241.675
273.432
200.587
251.022
359.633
285.599
591.999
314.544
230.237
237.394
209.626
292.783
222.365
470.12
428.832
343.108
280.112
626.683
211.684
555.594
228.436
271.928
231.454
201.95
202.448
1073.37
205.968
220.857
248.189
321.201
273.858
214.846
242.58
316.721
208.995
269.533
219.176
229.022
211.847
208.674
361.107
239.798
369.444
266.28
228.6
275.962
252.785
237.441
306.487
272.611
344.41
239.815
217.023
233.491
661.343
289.429
225.042
230.623
328.143
206.119
345.086
283.394
474.35
400.28
239.704
549.336
209.464
271.86
259.006
211.428
307.651
229.227
229.142
333.105
203.747
202.178
206.901
212.205
306.658
384.424
202.941
313.46
295.846
236.776
301.302
234.964
220.703
246.23
201.864
363.313
245.239
222.167
245.271
231.106
315.617
203.49
210.093
240.45
307.959
227.11
281.537
209.218
216.726
713.866
229.619
222.308
249.219
355.975
242.516
216.622
251.996
389.95
228.434
215.114
201.901
280.53
397.7
262.216
605.774
343.987
236.144
315.994
319.376
255.552
231.659
279.761
266.336
224.673
1440.73
319.291
335.991
323.031
204.201
266.462
250.296
236.73
224.156
215.555
229.917
239.806
430.45
336.896
324.815
281.665
206.192
234.998
336.339
218.904
246.268
232.766
268.444
227.737
233.776
323.96
219.82
322.938
264.07
239.904
271.586
444.247
229.839
244.888
258.223
392.379
220.624
296.906
273.907
201.985
328.052
299.772
500.88
230.913
226.548
250.509
254.727
228.27
250.436
366.094
231.037
258.262
255.108
203.298
241.033
246.575
363.566
381.835
558.297
203.681
250.511
258.822
258.563
226.195
275.441
487.39
206.961
227.686
204.37
207.087
219.502
214.339
202.596
256.731
200.913
211.31
370.512
286.66
335.598
204.749
261.364
274.31
215.949
314.906
249.834
294.109
265.78
259.638
201.703
263.374
325.601
241.367
509.089
272.571
438.814
212.69
302.5
203.244
282.324
239.24
236.072
254.356
227.963
220.161
213.773
246.416
366.757
829.486
247.022
259.609
200.435
272.338
243.38
232.706
302.121
205.451
208.396
431.043
294.822
230.369
607.789
277.159
334.885
241.017
221.709
205.976
234.113
319.186
299.977
481.593
251.129
255.503
350.924
200.761
356.8
243.193
245.805
241.342
200.604
226.444
249.463
345.287
241.686
258.407
204.895
207.925
223.016
359.987
352.153
232.56
352.762
260.029
222.383
267.299
210.872
363.529
206.211
233.874
265.53
221.466
208.257
297.121
201.879
208.557
260.019
383.339
211.755
200.492
207.027
294.968
200.003
207.856
216.693
237.649
254.277
291.326
214.406
231.959
206.582
307.2
268.825
253.923
207.521
323.804
855.633
295.007
287.449
260.4
295.594
214.252
294.401
372.498
297.689
432.481
215.576
297.293
366.253
555.281
429.129
222.69
252.99
318.449
261.494
433.728
225.393
362.443
369.561
433.595
229.087
207.993
267.713
233.538
201.045
206.155
526.427
251.281
423.673
255.21
221.572
215.311
296.142
260.833
262.823
216.153
249.826
279.204
274.108
252.464
200.265
303.2
263.407
275.512
216.631
286.777
248.367
232.484
216.737
382.44
822.779
281.59
200.09
339.715
204.279
325.507
281.551
256.494
224.829
282.069
212.205
415.719
254.796
225.389
216.76
241.044
211.343
246.083
531.794
1011.14
241.512
504.908
205.606
631.655
286.756
568.236
226.446
204.494
207.261
225.719
210.321
236.73
305.087
249.461
248.988
261.368
267.61
267.056
228.309
216.204
221.596
202.709
206.957
568.077
221.289
575.623
240.437
278.291
320.679
296.25
267.125
259.785
283.125
261.748
271.083
220.429
223.146
331.586
292.053
550.625
307.457
217.313
314.684
281.862
269.702
201.881
319.44
218.023
260.96
280.719
204.154
225.147
279.442
560.055
280.098
433.808
275.947
202.761
452.896
333.976
271.03
278.959
380.724
262.825
211.785
227.042
274.753
201.903
201.492
221.522
331.415
307.374
210.699
368.077
200.355
260.544
216.995
308.686
247.429
274.326
255.184
343.386
227.218
324.735
211.83
365.943
253.515
239.209
229.55
531.788
200.811
296.798
222.263
223.352
414.701
206.836
203.521
753.415
266.197
206.855
309.939
301.065
220.064
265.754
250.827
827.744
239.614
234.647
315.661
309.585
216.959
206.908
320.233
285.082
413.646
226.382
253.146
400.835
205.806
268.723
240.805
240.396
202.773
213.218
334.319
291.131
407.481
275.623
397.234
208.94
209.588
209.626
472.141
505.243
227.98
305.143
230.452
209.886
429.393
305.493
211.045
397.135
245.715
207.176
227.686
209.869
234.823
240.651
414.388
291.407
223.002
210.742
389.149
343.315
347.225
402.188
211.324
207.841
286.648
237.013
1095.53
334.745
286.294
217.566
289.119
231.646
738.507
209.304
239.583
365.81
203.549
222.789
263.201
283.079
290.665
277.932
282.17
291.64
228.388
286.763
254.087
277.449
263.19
214.241
237.257
241.56
240.275
233.934
270.756
245.237
262.627
286.014
310.097
293.198
229.989
210.252
616.503
255.061
454.558
237.594
240.88
209.155
228.773
340.038
229.604
231.996
237.487
234.461
452.562
448.696
291.645
275.205
303.798
289.259
221.242
480.501
538.772
234.691
207.937
285.119
446.254
228.69
269.009
212.478
201.876
235.351
349.477
226.153
439.673
626.059
438.584
305.673
243.631
414.197
306.206
583.568
210.276
660.748
211.081
261.469
213.836
392.603
259.411
246.181
536.997
237.063
300.132
294.449
215.564
326.009
219.668
212.349
412.602
274.769
242.891
216.032
238.369
271.103
234.736
265.827
244.25
233.587
208.019
272.694
206.874
310.284
465.687
201.07
308.337
264.312
258.959
281.404
289.268
241.497
225.004
403.336
400.421
293.672
224.973
422.588
234.237
285.256
202.245
544.519
207.169
300.138
208.809
205.694
267.825
243.799
206.57
201
361.645
280.393
295.215
212.843
235.86
450.063
367.683
306.845
374.049
208.171
269.152
205.266
548.027
312.727
207.171
828.922
259.033
592.117
221.429
270.107
219.989
252.513
231.577
261.513
214.278
316.558
297.263
206.499
210.373
361.15
432.98
213.588
500.854
290.656
249.253
257.27
205.195
249.536
268.658
423.913
285.158
241.638
221.793
390.206
286.505
252.668
434.663
270.52
280.389
218.678
200.05
386.312
265.17
467.563
210.307
319.733
288.014
252.913
303.271
299.475
311.392
211.667
200.012
453.681
292.797
215.845
354.71
284.48
280.749
294.286
266.454
260.15
226.921
227.436
233.48
244.276
231.394
217.111
281.954
268.384
242.671
260.561
236.985
222.917
250.932
349.367
242.537
225.701
202.694
245.288
266.706
252.749
280.077
427.829
304.048
777.428
247.273
232.697
474.932
209.471
337.24
203.458
573.14
293.935
221.05
279.077
237.468
406.956
396.829
215.284
274.898
242.252
245.978
254.829
200.067
390.997
655.404
202.953
332.962
229.105
229.913
307.208
267.015
232.661
354.306
292.385
201.856
262.541
218.105
242.083
216.776
258.859
205.881
266.015
221.633
256.447
237.219
208.602
838.799
567.967
203.568
400.82
276.744
225.559
245.316
297.525
235.253
207.179
222.275
372.968
209.647
281.759
265.011
205.482
380.27
269.501
243.865
327.674
264.015
268.805
278.032
202.178
230.278
349.789
208.178
215.583
259.216
422.104
205.49
486.469
299.344
242.147
221.912
231.476
300.436
201.611
251.649
905.136
357.586
257.224
201.055
223.674
393.981
363.436
251.756
312.671
244.053
331.344
239.931
263.541
330.813
240.545
208.019
359.864
263.896
215.318
245.55
299.49
221.42
223.482
202.228
299.768
346.609
229.615
211.568
251.561
287.355
227.44
250.33
201.599
243.419
210.259
203.899
203.703
253.458
215.455
218.037
268.54
201.137
214.567
226.4
208.938
475.406
351.601
451.632
361.091
340.473
251.191
453.602
483.796
229.124
300.098
219.502
254.547
670.734
212.068
450.014
288.735
509.84
299.237
206.507
274.379
320.716
204.46
237.762
507.368
218.488
381.404
211.239
213.256
201.353
353.415
211.877
261.868
224.793
306.98
240.489
251.649
274.545
288.908
300.376
388.343
207.868
234.455
267.86
311.67
270.753
389.651
425.537
448.791
483.892
200.783
249.834
261.815
265.198
221.457
236.229
215.81
247.121
218.877
314.409
204.556
200.671
205.273
201.911
293.895
224.007
253.507
290.188
482.747
435.37
204.585
1080.08
707.393
824.605
267.832
407.346
259.767
270.235
235.446
227.596
252.018
215.207
278.729
203.873
206.712
230.113
251.438
210.651
259.838
223.179
266.088
214.611
210.798
207.215
214.355
235.194
205.818
240.813
219.219
205.017
252.484
204.034
227.066
206.347
375.569
282.16
235.527
215.525
258.811
482.994
292.015
234.6
464.75
360.92
202.457
255.58
224.123
233.761
230.074
221.558
282.753
229.467
453.788
407.636
295.176
222.982
211.677
237.693
221.384
251.112
415.769
242.959
221.817
420.897
225.903
205.777
241.458
372.543
305.881
207.319
216.384
248.351
453.817
271.286
205.983
201.678
779.098
208.168
365.928
656.218
204.519
269.577
319.017
203.404
226.971
293.743
204.69
255.18
216.869
224.466
205.302
288.276
274.303
510.127
213.349
326.693
238.573
253.192
314.396
266.28
222.704
232.903
374.031
259.426
278.867
222.753
311.8
210.521
429.645
203.042
823.014
202.84
252.175
306.292
295.887
219.388
200.082
339.918
227.178
220.164
260.196
207.861
308.538
218.287
283.193
293.964
214.86
256.289
246.493
230.623
223.105
636.611
233.739
220.803
325.487
289.169
200.375
404.353
210.554
200.552
420.917
225.215
476.288
222.863
205.915
202.729
280.517
222.335
428.347
315.913
446.717
204.323
285.109
238.824
257.045
212.071
230.97
254.098
235.121
266.387
316.354
234.448
205.185
230.777
276.393
285.682
302.093
307.078
292.192
213.558
224.655
332.062
206.995
219.221
214.299
463.048
311.538
208.038
248.222
234.902
357.165
220.191
266.878
245.457
264.206
423.487
250.867
312.648
336.18
236.072
203.394
377.645
368.392
289.779
227.258
314.531
805.52
223.915
218.934
451.629
454.065
261.811
304.169
224.379
393.346
258.039
563.098
208.732
214.418
230.532
445.117
291.117
327.605
331.988
422.571
267.212
275.699
234.354
239.326
253.403
376.743
227.899
386.443
240.583
222.182
200.489
209.745
203.482
433.689
245.416
246.718
208.983
324.492
341.646
288.578
335.37
268.367
216.889
222.818
207.894
264.764
279.46
267.6
317.953
290.1
210.328
215.947
209.359
220.724
312.429
263.074
308.971
262.326
211.84
217.129
204.639
253.318
3128
200.307
247.768
218.671
318.884
203.44
644.377
226.214
263.258
466.28
201.447
247.15
225.564
477.036
275.144
296.707
353.798
286.267
309.94
307.513
227.31
941.02
737.234
286.838
240.366
383.844
219.37
212.184
215.126
208.046
235.983
323.898
376.573
330.195
326.85
208.768
349.724
406.468
412.702
228.267
955.224
248.197
252.319
226.93
265.209
713.227
213.464
214.805
253.945
293.701
416.801
221.048
328.443
271.73
275.844
234.789
225.156
293.123
262.08
276.368
213.602
232.366
250.819
377.936
225.267
227.425
201.574
219.891
415.708
226.237
209.957
263.314
207.812
200.94
247.611
271.895
341.574
242.967
208.849
370.041
378.624
240.826
211.884
204.668
704.179
216.959
356.437
203.873
229.022
235.41
645.967
201.723
221.219
356.323
377.725
201.119
541.583
202.072
358.621
504.057
211.651
404.727
234.568
278.907
365.69
273.34
362.075
214.1
206.686
278.537
382.196
279.959
214.914
203.777
448.794
233.803
236.911
206.378
222.619
327.145
216.846
231.873
246.161
326.218
232.723
206.787
249.046
207.014
230.263
297.778
439.686
285.99
256.854
208.439
301.622
252.761
459.529
226.524
673.307
225.422
217.175
499.928
205.606
266.462
300.343
235.321
202.047
329.273
304.371
424.986
260.342
225.1
226.947
560.761
404.655
291.584
201.75
255.752
203.956
207.969
217.619
294.591
213.703
207.179
204.736
258.828
215
216.106
245.538
303.229
202.062
1437.2
220.744
201.102
811.284
206.541
279.002
286.875
260.902
308.501
237.141
214.348
270.324
278.149
249.139
211.09
825.628
808.666
223.141
296.334
254.704
261.7
202.741
634.551
233.069
224.729
203.804
247.342
362.269
366.303
273.889
226.656
240.454
328.842
206.664
205.67
201.524
212.699
346.53
246.512
435.001
204.353
310.003
372.932
324.537
437.794
314.598
232.97
211.837
224.553
216.728
204.854
253.474
207.928
256.145
308.733
207.458
546.512
379.857
529.008
228.812
241.82
383.206
224.74
241.648
393.651
298.097
237.377
626.138
315.067
234.105
312.251
201.955
226.883
227.664
211.391
217.619
205.932
242.454
217.878
297.288
204.827
201.802
390.466
324.214
315.603
248.026
287.077
293.74
642.552
253.452
241.911
240.859
241.079
466.81
268.933
262.895
343.666
216.788
306.114
242.563
343.406
235.302
220.857
217.807
212.652
331.7
240.508
242.039
205.585
293.844
238.994
231.702
298.399
205.808
289.508
292.58
251.511
208.756
200.813
225.878
296.248
269.865
273.576
250.036
247.128
266.113
298.533
313.764
220.191
201.861
366.363
205.942
205.331
212.88
226.124
270.017
540.112
216.709
214.665
319.233
311.665
269.596
223.094
406.86
216.52
266.056
318.715
296.938
226.623
221.912
368.511
226.811
513.946
201.211
349.859
252.893
223.645
330.56
236.383
218.177
203.376
293.598
258.13
329.029
238.325
367.724
248.226
202.675
231.769
282.094
205.059
234.617
278.505
223.946
305.372
221.917
277.946
869.765
211.917
268.501
310.512
240.162
254.604
227.86
333.669
379.153
210.033
241.462
206.911
201.742
202.901
245.548
205.093
240.108
230.675
298.128
255.791
266.691
336.332
680.941
469.431
353.999
245.872
231.771
252.686
219.224
288.579
443.714
216.331
205.92
203.207
291.947
261.415
339.703
219.804
232.026
266.505
251.601
237.162
249.938
628.631
229.085
243.594
258.517
304.651
205.068
206.131
330.983
291.731
204.017
309.141
298.926
254.98
300.411
296.961
333.742
332.779
314.161
336.523
207.519
240.689
204.934
281.478
244.741
220.422
531.837
263.638
209.117
281.11
227.044
482.428
276.525
241.139
243.916
203.01
286.215
244.01
262.602
277.883
256.71
272.846
210.746
691.414
272.905
244.082
371.036
443.291
266.644
304.785
380.113
336.997
398.083
450.109
314.196
708.393
205.424
221.104
224.902
235.949
201.077
462.186
364.168
273.574
251.657
303.495
201.554
202.882
523.367
316.454
269.156
232.174
381.172
218.339
202.938
249.91
219.88
528.412
201.482
201.68
254
206.908
247.396
244.416
227.594
1119.91
260.732
263.441
255.053
225.779
597.821
219.367
291.113
265.309
230.63
228.057
233.619
219.135
214.35
207.352
210.919
257.266
255.437
256.361
560.638
253.689
568.619
348.951
231.333
214.376
240.776
249.568
288.269
221.971
423.51
331.732
216.113
297.183
456.805
372.72
210.654
549.813
236
208.499
273.018
231.445
467.998
304.127
200.499
265.143
211.946
217.52
217.274
224.308
231.42
463.345
209.127
200.135
327.381
230.504
244.502
222.948
343.826
295.932
207.548
255.112
404.857
297.914
233.797
455.969
371.633
487.472
383.086
262.103
396.351
219.084
286.655
402.103
250.827
208.178
530.147
261.17
243.07
204.416
203.098
275.547
227.315
224.156
259.642
301.281
260.693
718.201
225.945
202.368
291.717
350.331
255.74
532.405
337.145
420.474
210.236
246.154
204.421
249.088
632.108
233.191
249.932
321.037
203.418
214.016
225.743
356.055
231.314
245.776
254.688
240.948
483.115
265.569
318.864
256.383
311.085
205.764
381.224
243.364
316.12
495.698
266.903
396.614
209.986
203.811
248.741
235.637
208.077
254.482
357.834
458.226
223.426
256.273
302.313
200.761
309.483
299.703
298.149
226.429
287.79
236.106
331.813
215.787
226.65
221.968
241.296
209.807
200.544
223.408
211.492
240.944
229.648
214.114
202.139
203.951
414.972
241.292
253.257
265.925
210.998
252.458
370.61
334.804
253.217
254.482
250.38
277.357
213.488
250.663
207.461
218.545
273.817
229.693
532.229
328.626
244.943
206.657
248.57
303.531
1032.98
433.289
223.797
290.505
266.385
311.432
270.9
266.972
610.198
218.156
349.947
291
217.55
279.317
245.939
329.792
243.731
215.388
232.075
210.549
265.467
202.615
533.507
230.818
635.405
223.486
222.834
857.527
248.791
591.896
209.057
279.467
235.202
215.534
235.049
233.624
216.696
231.551
205.764
277.464
244.141
218.467
221.578
204.071
214.504
271.343
272.676
371.193
209.122
233.133
200.335
340.918
223.242
225.056
570.136
224.223
284.222
379.941
297.673
326.731
273.19
878.718
292.493
289.683
354.741
236.222
223.83
216.118
233.152
225.369
230.528
281.787
286.367
215.743
207.263
317.718
207.48
201.264
209.28
202.037
264.883
204.546
221.959
222.547
209.55
221.382
